iteration,total_queries,loss,iter_time_s,total_time_s
1,202,30.162311,4.71,5.15
2,403,30.140375,4.73,10.44
3,604,30.100526,4.69,15.67
4,805,30.114885,4.63,20.85
5,1006,30.096383,4.70,25.55
6,1207,30.569122,4.67,30.77
7,1408,30.487791,4.77,35.54
8,1609,30.156156,4.64,40.18
9,1810,30.072518,4.62,44.81
10,2011,20.873085,4.75,50.10
11,2212,20.873944,4.69,55.37
12,2413,20.874262,4.75,60.12
13,2614,20.873406,4.77,64.89
14,2815,20.870750,4.80,69.70
15,3016,20.867707,4.78,75.05
16,3217,20.864351,4.78,80.41
17,3418,20.857331,4.78,85.77
18,3619,25.102196,4.82,91.18
19,3820,25.060968,4.75,95.93
20,4021,25.024933,4.76,100.70
21,4222,24.983159,4.79,105.49
22,4423,24.940600,4.76,110.25
23,4624,24.905439,4.81,115.06
24,4825,24.864177,4.67,119.73
25,5026,24.835451,4.73,124.46
26,5227,24.806225,4.83,129.29
27,5428,24.781105,4.81,134.10
28,5629,24.753238,4.70,138.80
29,5830,24.714666,4.82,143.62
30,6031,24.684246,4.74,148.37
31,6232,24.647519,4.69,153.06
32,6433,24.629308,4.76,157.82
33,6634,24.596221,4.73,162.55
34,6835,24.568572,4.78,167.33
35,7036,24.558427,4.84,172.17
36,7237,24.527150,4.77,176.95
37,7438,24.499673,4.76,181.71
38,7639,24.488055,4.82,186.53
39,7840,24.454456,4.76,191.29
40,8041,24.433692,4.75,196.04
41,8242,24.412061,4.75,200.80
42,8443,24.388152,4.81,205.61
43,8644,24.364461,4.74,210.35
44,8845,24.358552,4.74,215.09
45,9046,24.325368,4.78,219.88
46,9247,24.311391,4.76,224.64
47,9448,24.295015,4.82,229.46
48,9649,24.276512,4.72,234.18
49,9850,24.254094,4.74,238.92
50,10051,24.251926,4.79,243.71
51,10252,24.226199,4.78,248.49
52,10453,24.209189,4.84,253.34
53,10654,24.195907,4.90,258.24
54,10855,24.180333,4.76,263.00
55,11056,24.169685,4.72,267.73
56,11257,24.153213,4.77,272.51
57,11458,24.137979,4.72,277.23
58,11659,24.117710,4.72,281.96
59,11860,24.096871,4.76,286.72
60,12061,24.087148,4.83,291.55
61,12262,24.071639,4.80,296.35
62,12463,24.055195,4.83,301.18
63,12664,24.036357,4.82,306.00
64,12865,24.028806,4.76,310.76
65,13066,24.002918,4.79,315.55
66,13267,23.997467,4.80,320.35
67,13468,23.982320,4.73,325.07
68,13669,23.971298,4.76,329.84
69,13870,23.959877,4.71,334.55
70,14071,23.946397,4.83,339.38
71,14272,23.933200,4.74,344.12
72,14473,23.922159,4.85,348.97
73,14674,23.904916,4.74,353.71
74,14875,23.898776,4.84,358.56
75,15076,23.886823,4.74,363.30
76,15277,23.867457,4.80,368.11
77,15478,23.861550,4.77,372.88
78,15679,23.841104,4.85,377.73
79,15880,23.833985,4.81,382.54
80,16081,23.818994,4.80,387.34
81,16282,23.812237,4.82,392.17
82,16483,23.794236,4.79,396.96
83,16684,23.777854,4.78,401.75
84,16885,23.762789,4.83,406.58
85,17086,23.744903,4.85,411.43
86,17287,23.733186,4.77,416.20
87,17488,23.712390,4.87,421.07
88,17689,23.698593,4.80,425.88
89,17890,23.678268,4.77,430.66
90,18091,23.662926,4.74,435.40
91,18292,23.644239,4.73,440.13
92,18493,23.622130,4.79,444.92
93,18694,23.614330,4.83,449.75
94,18895,23.589661,4.71,454.46
95,19096,23.570400,4.77,459.24
96,19297,23.557420,4.76,464.00
97,19498,23.537059,4.88,468.88
98,19699,23.526251,4.75,473.64
99,19900,23.519254,4.75,478.39
100,20101,23.504912,4.71,483.10
101,20302,23.491160,4.86,487.96
102,20503,23.477394,4.76,492.73
103,20704,23.456004,4.76,497.49
104,20905,23.435209,4.72,502.20
105,21106,23.409990,4.73,506.93
106,21307,23.388845,4.76,511.70
107,21508,23.369070,4.81,516.50
108,21709,23.347218,4.77,521.27
109,21910,23.330865,4.76,526.04
110,22111,23.306894,4.72,530.76
111,22312,23.292732,4.71,535.48
112,22513,23.269570,4.77,540.25
113,22714,23.258835,4.73,544.98
114,22915,23.251955,4.83,549.81
115,23116,23.237170,4.83,554.64
116,23317,23.233376,4.83,559.47
117,23518,23.223672,4.77,564.25
118,23719,23.206791,4.78,569.03
119,23920,23.200575,4.83,573.85
120,24121,23.194729,4.73,578.59
121,24322,23.181201,4.78,583.37
122,24523,23.164269,4.84,588.21
123,24724,23.154408,4.74,592.95
124,24925,23.142618,4.75,597.70
125,25126,23.127967,4.85,602.55
126,25327,23.110789,4.81,607.36
127,25528,23.106218,4.78,612.14
128,25729,23.082036,4.89,617.04
129,25930,23.068806,4.84,621.88
130,26131,23.062817,4.80,626.68
131,26332,23.051245,4.76,631.44
132,26533,23.045184,4.84,636.28
133,26734,23.030959,4.76,641.05
134,26935,23.017712,4.82,645.87
135,27136,23.007973,4.79,650.67
136,27337,22.995852,4.83,655.50
137,27538,22.990499,4.78,660.29
138,27739,22.956000,4.81,665.10
139,27940,22.964540,4.87,669.97
140,28141,22.937169,4.86,674.83
141,28342,22.923276,4.74,679.57
142,28543,22.927429,4.77,684.34
143,28744,22.904605,4.82,689.16
144,28945,22.888801,4.88,694.04
145,29146,22.874359,4.69,698.73
146,29347,22.864631,4.75,703.48
147,29548,22.858143,4.78,708.26
148,29749,22.847701,4.78,713.05
149,29950,22.843198,4.78,717.84
150,30151,22.832155,4.74,722.58
151,30352,22.828028,4.77,727.35
152,30553,22.810816,4.78,732.14
153,30754,22.799876,4.82,736.96
154,30955,22.782610,4.75,741.71
155,31156,22.773711,4.81,746.52
156,31357,22.748596,4.82,751.34
157,31558,22.730331,4.82,756.17
158,31759,22.698991,4.79,760.96
159,31960,22.688377,4.79,765.75
160,32161,22.668248,4.76,770.51
161,32362,22.652038,4.82,775.33
162,32563,22.628755,4.77,780.10
163,32764,22.597612,4.74,784.85
164,32965,22.597522,4.82,789.67
165,33166,22.568940,4.85,794.52
166,33367,22.536765,4.75,799.27
167,33568,22.515049,4.74,804.01
168,33769,22.485725,4.73,808.75
169,33970,22.464902,4.74,813.49
170,34171,22.439551,4.77,818.27
171,34372,22.422674,4.75,823.02
172,34573,22.404007,4.75,827.78
173,34774,22.381900,4.76,832.54
174,34975,22.355040,4.81,837.35
175,35176,22.332182,4.81,842.17
176,35377,22.318706,4.86,847.03
177,35578,22.297730,4.80,851.84
178,35779,22.279348,4.76,856.60
179,35980,22.260253,4.73,861.33
180,36181,22.231332,4.75,866.09
181,36382,22.220285,4.76,870.85
182,36583,22.197242,4.77,875.63
183,36784,22.181562,4.83,880.45
184,36985,22.149971,4.76,885.21
185,37186,22.125203,4.75,889.97
186,37387,22.096253,4.70,894.67
187,37588,22.083750,4.77,899.44
188,37789,22.052635,4.76,904.20
189,37990,22.018225,4.78,908.97
190,38191,21.996669,4.75,913.72
191,38392,21.972880,4.80,918.53
192,38593,21.957412,4.82,923.35
193,38794,21.947896,4.72,928.08
194,38995,21.932126,4.83,932.91
195,39196,21.906376,4.75,937.67
196,39397,21.881331,4.76,942.43
197,39598,21.866223,4.76,947.19
198,39799,21.834981,4.74,951.93
199,40000,21.825155,4.76,956.69
200,40201,21.812655,4.84,961.54
201,40402,21.797808,4.75,966.29
202,40603,21.781779,4.74,971.03
203,40804,21.771702,4.86,975.88
204,41005,21.758051,4.85,980.74
205,41206,21.737227,4.83,985.57
206,41407,21.712793,4.71,990.28
207,41608,21.697306,4.81,995.10
208,41809,21.680716,4.74,999.84
209,42010,21.665726,4.77,1004.61
210,42211,21.647044,4.76,1009.38
211,42412,21.629916,4.79,1014.17
212,42613,21.615649,4.71,1018.88
213,42814,21.604148,4.75,1023.64
214,43015,21.597566,4.73,1028.37
215,43216,21.568816,4.70,1033.08
216,43417,21.549392,4.77,1037.85
217,43618,21.543494,4.78,1042.63
218,43819,21.526111,4.72,1047.35
219,44020,21.506327,4.72,1052.07
220,44221,21.503826,4.77,1056.85
221,44422,21.486121,4.75,1061.59
222,44623,21.467266,4.73,1066.32
223,44824,21.470849,4.77,1071.09
224,45025,21.448428,4.77,1075.87
225,45226,21.444393,4.76,1080.63
226,45427,21.441082,4.77,1085.40
227,45628,21.426534,4.74,1090.14
228,45829,21.412967,4.77,1094.91
229,46030,21.401742,4.70,1099.61
230,46231,21.395259,4.81,1104.42
231,46432,21.388611,4.78,1109.20
232,46633,21.382601,4.82,1114.02
233,46834,21.359897,4.81,1118.84
234,47035,21.349811,4.77,1123.61
235,47236,21.339734,4.74,1128.35
236,47437,21.336428,4.78,1133.13
237,47638,21.316778,4.76,1137.89
238,47839,21.301801,4.72,1142.61
239,48040,21.300232,4.81,1147.43
240,48241,21.285729,4.77,1152.20
241,48442,21.279908,4.78,1156.98
242,48643,21.287576,4.79,1161.77
243,48844,21.272740,4.75,1166.51
244,49045,21.266686,4.83,1171.35
245,49246,21.244929,4.83,1176.18
246,49447,21.246816,4.78,1180.96
247,49648,21.225813,4.83,1185.79
248,49849,21.199996,4.75,1190.54
249,50050,21.189519,4.84,1195.39
250,50251,21.178451,4.76,1200.15
251,50452,21.165026,4.81,1204.96
252,50653,21.143217,4.74,1209.70
253,50854,21.120631,4.76,1214.46
254,51055,21.096265,4.73,1219.20
255,51256,21.098611,4.91,1224.11
256,51457,21.091080,4.73,1228.85
257,51658,21.070108,4.74,1233.59
258,51859,21.052847,4.78,1238.37
259,52060,21.034682,4.77,1243.15
260,52261,21.036795,4.81,1247.96
261,52462,21.015046,4.76,1252.73
262,52663,20.994650,4.87,1257.60
263,52864,20.990289,4.72,1262.32
264,53065,20.978932,4.74,1267.06
265,53266,20.963891,4.82,1271.89
266,53467,20.956909,4.84,1276.73
267,53668,20.962155,4.74,1281.46
268,53869,20.946120,4.76,1286.23
269,54070,20.936793,4.78,1291.01
270,54271,20.919547,4.73,1295.75
271,54472,20.911831,4.85,1300.60
272,54673,20.895870,4.86,1305.46
273,54874,20.892137,4.77,1310.23
274,55075,20.886070,4.79,1315.02
275,55276,20.891927,4.73,1319.76
276,55477,20.884927,4.77,1324.52
277,55678,20.860372,4.79,1329.31
278,55879,20.858957,4.78,1334.09
279,56080,20.847298,4.74,1338.84
280,56281,20.849269,4.75,1344.16
281,56482,20.829262,4.76,1348.93
282,56683,20.827524,4.75,1354.26
283,56884,20.804557,4.75,1359.58
284,57085,20.801621,4.79,1364.94
285,57286,20.795826,4.73,1370.25
286,57487,20.785884,4.79,1375.62
287,57688,20.775468,4.79,1380.99
288,57889,20.770227,4.84,1386.41
289,58090,20.770450,4.76,1391.75
290,58291,20.780114,4.79,1396.54
291,58492,20.755273,4.83,1401.38
292,58693,20.741169,4.88,1406.84
293,58894,20.737418,4.78,1412.19
294,59095,20.724480,4.77,1417.54
295,59296,20.711455,4.81,1422.92
296,59497,20.711098,4.76,1428.27
297,59698,20.694835,4.80,1433.63
298,59899,20.676670,4.81,1439.02
299,60100,20.670594,4.78,1444.36
300,60301,20.662510,4.73,1449.66
301,60502,20.646659,4.87,1455.11
302,60703,20.637296,4.72,1460.42
303,60904,20.625308,4.74,1465.73
304,61105,20.616325,4.76,1471.07
305,61306,20.603442,4.77,1476.41
306,61507,20.595222,4.79,1481.78
307,61708,20.589756,4.76,1487.12
308,61909,20.577075,4.73,1492.43
309,62110,20.564045,4.74,1497.74
310,62311,20.557176,4.83,1503.14
311,62512,20.545316,4.78,1508.49
312,62713,20.536142,4.80,1513.86
313,62914,20.522666,4.74,1519.18
314,63115,20.520850,4.78,1524.54
315,63316,20.515466,4.78,1529.89
316,63517,20.502398,4.80,1535.28
317,63718,20.488812,4.84,1540.69
318,63919,20.484442,4.75,1546.01
319,64120,20.482487,4.81,1551.40
320,64321,20.484600,4.80,1556.78
321,64522,20.466795,4.78,1561.56
322,64723,20.469991,4.81,1566.95
323,64924,20.451710,4.86,1571.82
324,65125,20.448962,4.80,1577.18
325,65326,20.446438,4.78,1582.53
326,65527,20.457139,4.72,1587.82
327,65728,20.457565,4.76,1592.58
328,65929,20.452037,4.78,1597.37
329,66130,20.447512,4.80,1602.17
330,66331,20.434360,4.70,1606.88
331,66532,20.429488,4.73,1612.20
332,66733,20.431740,4.73,1617.51
333,66934,20.433867,4.75,1622.26
334,67135,20.422292,4.83,1627.09
335,67336,20.421574,4.73,1632.39
336,67537,20.412162,4.70,1637.68
337,67738,20.402192,4.78,1643.04
338,67939,20.396187,4.84,1648.45
339,68140,20.410799,4.74,1653.76
340,68341,20.392399,4.72,1658.49
341,68542,20.385879,4.89,1663.95
342,68743,20.388869,4.80,1669.33
343,68944,20.380776,4.82,1674.15
344,69145,20.397346,4.82,1679.55
345,69346,20.375955,4.76,1684.32
346,69547,20.373364,4.82,1689.71
347,69748,20.362076,4.75,1695.03
348,69949,20.349122,4.74,1700.35
349,70150,20.353336,4.82,1705.74
350,70351,20.339944,4.69,1710.43
351,70552,20.332620,4.78,1715.79
352,70753,20.339799,4.77,1721.13
353,70954,20.327348,4.80,1725.93
354,71155,20.333538,4.83,1731.34
355,71356,20.332274,4.78,1736.13
356,71557,20.307026,4.82,1740.95
357,71758,20.299984,4.77,1746.29
358,71959,20.296442,4.77,1751.64
359,72160,20.286207,4.76,1756.98
360,72361,20.277551,4.84,1762.40
361,72562,20.265282,4.76,1767.75
362,72763,20.256287,4.76,1773.10
363,72964,20.262382,4.81,1778.48
364,73165,20.273631,4.73,1783.22
365,73366,20.256900,4.75,1787.97
366,73567,20.244161,4.77,1792.74
367,73768,20.253090,4.75,1798.07
368,73969,20.244341,4.79,1802.86
369,74170,20.230045,4.83,1807.70
370,74371,20.230876,4.72,1813.01
371,74572,20.225952,4.79,1817.80
372,74773,20.217483,4.78,1823.18
373,74974,20.210867,4.72,1828.47
374,75175,20.215044,4.76,1833.81
375,75376,20.208784,4.84,1838.65
376,75577,20.194061,4.76,1843.99
377,75778,20.198451,4.74,1849.30
378,75979,20.193033,4.76,1854.06
379,76180,20.182663,4.78,1859.41
380,76381,20.178053,4.75,1864.74
381,76582,20.162120,4.78,1870.11
382,76783,20.188396,4.76,1875.44
383,76984,20.156676,4.78,1880.23
384,77185,20.144467,4.80,1885.60
385,77386,20.140144,4.68,1890.86
386,77587,20.133009,4.79,1896.23
387,77788,20.130760,4.81,1901.61
388,77989,20.124715,4.82,1907.02
389,78190,20.120285,4.81,1912.40
390,78391,20.110814,4.78,1917.76
391,78592,20.107158,4.77,1923.11
392,78793,20.091224,4.76,1928.44
393,78994,20.096864,4.77,1933.78
394,79195,20.100823,4.82,1938.60
395,79396,20.086216,4.78,1943.38
396,79597,20.075650,4.79,1948.75
397,79798,20.077176,4.81,1954.14
398,79999,20.073661,4.84,1958.99
399,80200,20.070346,4.75,1964.31
400,80401,20.065591,4.77,1969.65
