# --- Attack Parameters ---
# {
#     "attack_type": "spsa",
#     "executable": "./resources/execution_files/liveness_Vit_mnn",
#     "image": "/model_deploy_execution_attack/resources/filtered_images/n000827-0134_01.jpg",
#     "hooks": "/model_deploy_execution_attack/hook_config/liveness_Vit_mnn_hook_config.json",
#     "model": null,
#     "models": "/model_deploy_execution_attack/resources/models/liveness_Vit.mnn",
#     "iterations": 150,
#     "l_inf_norm": 20.0,
#     "missing_hook_penalty": 10.0,
#     "margin": 0.001,
#     "enable_stagnation_decay": true,
#     "learning_rate": 15.0,
#     "lr_decay_rate": 0.97,
#     "lr_decay_steps": 50,
#     "stagnation_patience": 20,
#     "min_loss_delta": 0.001,
#     "enable_dynamic_focus": false,
#     "evaluation_window": 10,
#     "boost_weight": 10.0,
#     "non_target_weight": 1.0,
#     "satisfied_weight": 3.0,
#     "satisfaction_threshold": 0.01,
#     "satisfaction_patience": 3,
#     "raw_args_template": null,
#     "workers": 64,
#     "output_dir": "/model_deploy_execution_attack/attack_results/liveness_Vit_mnn_spsa_n000827-0134_01_20250911-032500",
#     "spsa_grad_samples": 32,
#     "spsa_c": 0.1,
#     "spsa_c_gamma": 0.101,
#     "spsa_A": 20.0,
#     "use_signed_grad": false,
#     "use_gradient_normalization": false,
#     "grad_smoothing_samples": 1,
#     "adam_beta1": 0.9,
#     "adam_beta2": 0.999,
#     "adam_epsilon": 1e-08,
#     "resize_dim": 0,
#     "attack_y_channel_only": false,
#     "model_paths": [
#         "/model_deploy_execution_attack/resources/models/liveness_Vit.mnn"
#     ]
# }
# -----------------------

iteration,total_queries,loss,best_loss,lr,is_successful_iter,num_satisfied_hooks,total_hooks,attack_mode,focus_targets,hook_details,iter_time_s,total_time_s
1,66,0.079857,0.042535,15.000000,False,0,1,static,"N/A","",9.07,10.76
2,131,0.090802,0.042535,15.000000,False,0,1,static,"N/A","",9.20,19.97
3,196,0.083551,0.042535,15.000000,False,0,1,static,"N/A","",9.10,29.08
4,261,0.081264,0.042535,15.000000,False,0,1,static,"N/A","",9.28,38.38
5,326,0.080000,0.042535,15.000000,False,0,1,static,"N/A","",9.22,47.61
6,391,0.081771,0.042535,15.000000,False,0,1,static,"N/A","",9.12,56.74
7,456,0.076637,0.042535,15.000000,False,0,1,static,"N/A","",9.20,65.95
8,521,0.069708,0.042535,15.000000,False,0,1,static,"N/A","",9.17,75.13
9,586,0.066465,0.042535,15.000000,False,0,1,static,"N/A","",9.17,84.32
10,651,0.064985,0.042535,15.000000,False,0,1,static,"N/A","",9.18,93.51
11,716,0.065104,0.042535,15.000000,False,0,1,static,"N/A","",9.17,102.70
12,781,0.065330,0.042535,15.000000,False,0,1,static,"N/A","",9.14,111.85
13,846,0.064792,0.042535,15.000000,False,0,1,static,"N/A","",9.20,121.07
14,911,0.063226,0.042535,15.000000,False,0,1,static,"N/A","",9.10,130.18
15,976,0.059807,0.042535,15.000000,False,0,1,static,"N/A","",9.15,139.35
16,1041,0.055466,0.042535,15.000000,False,0,1,static,"N/A","",9.15,148.51
17,1106,0.052527,0.042535,15.000000,False,0,1,static,"N/A","",9.18,157.71
18,1171,0.049643,0.042535,15.000000,False,0,1,static,"N/A","",9.16,166.88
19,1236,0.047469,0.042535,15.000000,False,0,1,static,"N/A","",9.11,176.01
20,1301,0.045951,0.042535,15.000000,False,0,1,static,"N/A","",9.13,185.15
21,1366,0.045604,0.042535,15.000000,False,0,1,static,"N/A","",9.16,194.32
22,1431,0.042794,0.042535,15.000000,False,0,1,static,"N/A","",9.22,203.55
23,1496,0.041663,0.042535,15.000000,False,0,1,static,"N/A","",9.15,212.71
24,1561,0.041132,0.041663,15.000000,False,0,1,static,"N/A","",9.08,221.82
25,1626,0.038442,0.041132,15.000000,False,0,1,static,"N/A","",9.16,231.01
26,1691,0.036405,0.038442,15.000000,False,0,1,static,"N/A","",9.15,240.19
27,1756,0.033508,0.036405,15.000000,False,0,1,static,"N/A","",9.12,249.33
28,1821,0.031524,0.033508,15.000000,False,0,1,static,"N/A","",9.07,258.42
29,1886,0.030306,0.031524,15.000000,False,0,1,static,"N/A","",9.13,267.58
30,1951,0.032721,0.030306,15.000000,False,0,1,static,"N/A","",9.08,276.68
31,2016,0.029201,0.030306,15.000000,False,0,1,static,"N/A","",9.17,285.86
32,2081,0.031027,0.029201,15.000000,False,0,1,static,"N/A","",9.09,294.98
33,2146,0.030694,0.029201,15.000000,False,0,1,static,"N/A","",9.13,304.12
34,2211,0.033049,0.029201,15.000000,False,0,1,static,"N/A","",9.11,313.24
35,2276,0.033525,0.029201,15.000000,False,0,1,static,"N/A","",9.14,322.40
36,2341,0.033704,0.029201,15.000000,False,0,1,static,"N/A","",9.12,331.53
37,2406,0.034378,0.029201,15.000000,False,0,1,static,"N/A","",9.15,340.69
38,2471,0.035476,0.029201,15.000000,False,0,1,static,"N/A","",9.15,349.86
39,2536,0.035876,0.029201,15.000000,False,0,1,static,"N/A","",9.11,358.99
40,2601,0.037686,0.029201,15.000000,False,0,1,static,"N/A","",9.14,368.14
41,2666,0.037255,0.029201,15.000000,False,0,1,static,"N/A","",9.16,377.31
42,2731,0.037652,0.029201,15.000000,False,0,1,static,"N/A","",9.10,386.42
43,2796,0.034724,0.029201,15.000000,False,0,1,static,"N/A","",9.09,395.52
44,2861,0.035424,0.029201,15.000000,False,0,1,static,"N/A","",9.06,404.59
45,2926,0.034667,0.029201,15.000000,False,0,1,static,"N/A","",9.12,413.72
46,2991,0.033526,0.029201,15.000000,False,0,1,static,"N/A","",9.14,422.87
47,3056,0.032342,0.029201,15.000000,False,0,1,static,"N/A","",9.11,431.99
48,3121,0.029732,0.029201,15.000000,False,0,1,static,"N/A","",9.17,441.18
49,3186,0.029324,0.029201,15.000000,False,0,1,static,"N/A","",9.14,450.33
50,3251,0.027152,0.029201,15.000000,False,0,1,static,"N/A","",9.07,459.41
51,3316,0.025216,0.027152,14.550000,False,0,1,static,"N/A","",9.17,468.60
52,3381,0.025310,0.025216,14.550000,False,0,1,static,"N/A","",9.10,477.73
53,3446,0.023791,0.025216,14.550000,False,0,1,static,"N/A","",9.10,486.85
54,3511,0.024048,0.023791,14.550000,False,0,1,static,"N/A","",9.08,495.96
55,3576,0.026723,0.023791,14.550000,False,0,1,static,"N/A","",9.05,505.02
56,3641,0.024758,0.023791,14.550000,False,0,1,static,"N/A","",9.13,514.16
57,3706,0.026328,0.023791,14.550000,False,0,1,static,"N/A","",9.09,523.27
58,3771,0.027966,0.023791,14.550000,False,0,1,static,"N/A","",9.11,532.39
59,3836,0.031252,0.023791,14.550000,False,0,1,static,"N/A","",9.12,541.52
60,3901,0.031719,0.023791,14.550000,False,0,1,static,"N/A","",9.07,550.60
61,3966,0.034524,0.023791,14.550000,False,0,1,static,"N/A","",9.05,559.66
62,4031,0.031065,0.023791,14.550000,False,0,1,static,"N/A","",9.17,568.85
63,4096,0.032667,0.023791,14.550000,False,0,1,static,"N/A","",9.12,577.97
64,4161,0.034712,0.023791,14.550000,False,0,1,static,"N/A","",9.11,587.10
65,4226,0.033725,0.023791,14.550000,False,0,1,static,"N/A","",9.12,596.24
66,4291,0.032845,0.023791,14.550000,False,0,1,static,"N/A","",9.08,605.33
67,4356,0.031542,0.023791,14.550000,False,0,1,static,"N/A","",9.12,614.46
68,4421,0.032574,0.023791,14.550000,False,0,1,static,"N/A","",9.12,623.59
69,4486,0.032329,0.023791,14.550000,False,0,1,static,"N/A","",9.17,632.78
70,4551,0.032344,0.023791,14.550000,False,0,1,static,"N/A","",9.07,641.86
71,4616,0.030649,0.023791,14.550000,False,0,1,static,"N/A","",9.12,651.00
72,4681,0.029501,0.023791,14.550000,False,0,1,static,"N/A","",9.09,660.10
73,4746,0.028357,0.023791,14.550000,False,0,1,static,"N/A","",9.11,669.22
74,4811,0.027868,0.023791,14.113500,False,0,1,static,"N/A","",9.14,678.37
75,4876,0.027393,0.023791,14.113500,False,0,1,static,"N/A","",9.15,687.53
76,4941,0.026320,0.023791,14.113500,False,0,1,static,"N/A","",9.11,696.65
77,5006,0.025924,0.023791,14.113500,False,0,1,static,"N/A","",9.10,705.77
78,5071,0.025954,0.023791,14.113500,False,0,1,static,"N/A","",9.10,714.88
79,5136,0.025257,0.023791,14.113500,False,0,1,static,"N/A","",9.13,724.02
80,5201,0.025245,0.023791,14.113500,False,0,1,static,"N/A","",9.13,733.17
81,5266,0.025913,0.023791,14.113500,False,0,1,static,"N/A","",9.03,742.21
82,5331,0.025279,0.023791,14.113500,False,0,1,static,"N/A","",9.13,751.35
83,5396,0.024838,0.023791,14.113500,False,0,1,static,"N/A","",9.21,760.57
84,5461,0.026514,0.023791,14.113500,False,0,1,static,"N/A","",9.13,769.71
85,5526,0.026841,0.023791,14.113500,False,0,1,static,"N/A","",9.06,778.78
86,5591,0.025433,0.023791,14.113500,False,0,1,static,"N/A","",9.19,787.98
87,5656,0.024746,0.023791,14.113500,False,0,1,static,"N/A","",9.07,797.06
88,5721,0.023884,0.023791,14.113500,False,0,1,static,"N/A","",9.14,806.21
89,5786,0.025154,0.023791,14.113500,False,0,1,static,"N/A","",9.06,815.28
90,5851,0.026094,0.023791,14.113500,False,0,1,static,"N/A","",9.10,824.40
91,5916,0.024285,0.023791,14.113500,False,0,1,static,"N/A","",9.10,833.51
92,5981,0.022953,0.023791,14.113500,False,0,1,static,"N/A","",9.15,842.67
93,6046,0.023447,0.022953,14.113500,False,0,1,static,"N/A","",9.10,851.79
94,6111,0.023040,0.022953,13.690095,False,0,1,static,"N/A","",9.05,860.85
95,6176,0.021263,0.022953,13.690095,False,0,1,static,"N/A","",9.06,869.93
96,6241,0.022159,0.021263,13.690095,False,0,1,static,"N/A","",9.04,879.00
97,6306,0.021478,0.021263,13.690095,False,0,1,static,"N/A","",9.04,888.05
98,6371,0.020404,0.021263,13.690095,False,0,1,static,"N/A","",9.11,897.17
99,6436,0.020692,0.020404,13.690095,False,0,1,static,"N/A","",9.14,906.33
100,6501,0.023224,0.020404,13.690095,False,0,1,static,"N/A","",9.12,915.46
101,6566,0.024147,0.020404,13.690095,False,0,1,static,"N/A","",9.13,924.61
102,6631,0.023687,0.020404,13.690095,False,0,1,static,"N/A","",9.09,933.72
103,6696,0.025501,0.020404,13.690095,False,0,1,static,"N/A","",9.15,942.88
104,6761,0.029583,0.020404,13.690095,False,0,1,static,"N/A","",9.14,952.03
105,6826,0.034647,0.020404,13.690095,False,0,1,static,"N/A","",9.09,961.14
106,6891,0.036121,0.020404,13.690095,False,0,1,static,"N/A","",9.07,970.22
107,6956,0.039170,0.020404,13.690095,False,0,1,static,"N/A","",9.10,979.33
108,7021,0.042193,0.020404,13.690095,False,0,1,static,"N/A","",9.09,988.43
109,7086,0.049638,0.020404,13.690095,False,0,1,static,"N/A","",9.10,997.54
110,7151,0.053140,0.020404,13.690095,False,0,1,static,"N/A","",9.11,1006.67
111,7216,0.056763,0.020404,13.690095,False,0,1,static,"N/A","",9.07,1015.74
112,7281,0.056946,0.020404,13.690095,False,0,1,static,"N/A","",9.06,1024.82
113,7346,0.061979,0.020404,13.690095,False,0,1,static,"N/A","",9.11,1033.94
114,7411,0.056362,0.020404,13.690095,False,0,1,static,"N/A","",9.09,1043.05
115,7476,0.059948,0.020404,13.690095,False,0,1,static,"N/A","",9.13,1052.19
116,7541,0.051357,0.020404,13.279392,False,0,1,static,"N/A","",9.07,1061.27
117,7606,0.053252,0.020404,13.279392,False,0,1,static,"N/A","",9.15,1070.44
118,7671,0.056373,0.020404,13.279392,False,0,1,static,"N/A","",9.11,1079.56
119,7736,0.056433,0.020404,13.279392,False,0,1,static,"N/A","",9.09,1088.67
120,7801,0.054782,0.020404,13.279392,False,0,1,static,"N/A","",9.14,1097.82
121,7866,0.053904,0.020404,13.279392,False,0,1,static,"N/A","",9.13,1106.96
122,7931,0.053462,0.020404,13.279392,False,0,1,static,"N/A","",9.11,1116.09
123,7996,0.053986,0.020404,13.279392,False,0,1,static,"N/A","",9.09,1125.20
124,8061,0.053491,0.020404,13.279392,False,0,1,static,"N/A","",9.13,1134.34
125,8126,0.052671,0.020404,13.279392,False,0,1,static,"N/A","",9.10,1143.45
126,8191,0.053239,0.020404,13.279392,False,0,1,static,"N/A","",9.14,1152.60
127,8256,0.051331,0.020404,13.279392,False,0,1,static,"N/A","",9.08,1161.70
128,8321,0.049636,0.020404,13.279392,False,0,1,static,"N/A","",9.10,1170.81
129,8386,0.049422,0.020404,13.279392,False,0,1,static,"N/A","",9.15,1179.97
130,8451,0.045899,0.020404,13.279392,False,0,1,static,"N/A","",9.14,1189.13
131,8516,0.044859,0.020404,13.279392,False,0,1,static,"N/A","",9.09,1198.24
132,8581,0.042305,0.020404,13.279392,False,0,1,static,"N/A","",9.09,1207.34
133,8646,0.040150,0.020404,13.279392,False,0,1,static,"N/A","",9.18,1216.54
134,8711,0.040219,0.020404,13.279392,False,0,1,static,"N/A","",9.10,1225.66
135,8776,0.041517,0.020404,13.279392,False,0,1,static,"N/A","",9.08,1234.75
136,8841,0.041798,0.020404,12.881010,False,0,1,static,"N/A","",9.10,1243.86
137,8906,0.039447,0.020404,12.881010,False,0,1,static,"N/A","",9.11,1252.99
138,8971,0.040094,0.020404,12.881010,False,0,1,static,"N/A","",9.16,1262.16
139,9036,0.037544,0.020404,12.881010,False,0,1,static,"N/A","",9.04,1271.21
140,9101,0.036609,0.020404,12.881010,False,0,1,static,"N/A","",9.05,1280.27
141,9166,0.032664,0.020404,12.881010,False,0,1,static,"N/A","",9.06,1289.35
142,9231,0.030952,0.020404,12.881010,False,0,1,static,"N/A","",9.13,1298.49
143,9296,0.031931,0.020404,12.881010,False,0,1,static,"N/A","",9.13,1307.64
144,9361,0.032989,0.020404,12.881010,False,0,1,static,"N/A","",9.08,1316.73
145,9426,0.032615,0.020404,12.881010,False,0,1,static,"N/A","",9.15,1325.89
146,9491,0.033968,0.020404,12.881010,False,0,1,static,"N/A","",9.14,1335.04
147,9556,0.034986,0.020404,12.881010,False,0,1,static,"N/A","",9.14,1344.20
148,9621,0.035580,0.020404,12.881010,False,0,1,static,"N/A","",9.15,1353.36
149,9686,0.036969,0.020404,12.881010,False,0,1,static,"N/A","",9.09,1362.46
150,9751,0.035934,0.020404,12.881010,False,0,1,static,"N/A","{"0x2d1c": {"loss": 0.035934, "satisfied": false}}",9.19,1371.66
