iteration,total_queries,loss,iter_time_s,total_time_s
1,202,20.887519,4.76,5.22
2,403,20.872029,4.82,10.61
3,604,20.855300,4.81,15.99
4,805,20.845618,4.70,21.28
5,1006,20.831602,4.77,26.63
6,1207,24.909576,4.69,31.90
7,1408,24.855971,4.85,36.75
8,1609,24.783735,4.82,41.57
9,1810,24.717962,4.77,46.35
10,2011,24.656560,4.81,51.16
11,2212,24.607523,4.75,55.92
12,2413,24.536604,4.78,60.70
13,2614,24.477919,4.81,65.51
14,2815,24.414940,4.86,70.37
15,3016,24.347569,4.74,75.12
16,3217,24.287697,4.84,79.96
17,3418,24.234739,4.77,84.73
18,3619,24.191483,4.69,89.43
19,3820,24.121413,4.79,94.22
20,4021,24.068957,4.79,99.01
21,4222,24.034851,4.88,103.89
22,4423,23.980868,4.76,108.65
23,4624,23.916683,4.84,113.50
24,4825,23.880990,4.90,118.40
25,5026,23.826049,4.71,123.11
26,5227,23.778443,4.81,127.92
27,5428,23.719106,4.85,132.77
28,5629,23.666687,4.79,137.56
29,5830,23.644650,4.85,142.41
30,6031,23.581877,4.86,147.27
31,6232,23.509784,4.79,152.06
32,6433,23.456333,4.92,156.98
33,6634,23.402265,4.73,161.71
34,6835,23.356461,4.77,166.48
35,7036,23.308880,4.73,171.21
36,7237,23.267053,4.80,176.01
37,7438,23.218841,4.77,180.78
38,7639,23.161782,4.76,185.55
39,7840,23.122222,4.84,190.39
40,8041,23.087436,4.72,195.12
41,8242,23.034077,4.92,200.04
42,8443,23.004712,4.83,204.87
43,8644,22.949354,4.75,209.62
44,8845,22.901168,4.85,214.48
45,9046,22.858891,4.79,219.27
46,9247,22.809252,4.80,224.07
47,9448,22.774886,4.77,228.84
48,9649,22.726254,4.84,233.68
49,9850,22.692004,4.82,238.50
50,10051,22.625916,4.83,243.33
51,10252,22.599999,4.76,248.10
52,10453,22.543318,4.88,252.98
53,10654,22.498832,4.76,257.74
54,10855,22.463050,4.88,262.61
55,11056,22.412311,4.77,267.38
56,11257,22.382769,4.74,272.13
57,11458,22.341214,4.88,277.01
58,11659,22.292323,4.78,281.79
59,11860,22.262010,4.78,286.57
60,12061,22.209506,4.84,291.41
61,12262,22.173782,4.84,296.26
62,12463,22.142267,4.72,300.98
63,12664,22.110923,4.79,305.77
64,12865,22.083338,4.80,310.57
65,13066,22.039054,4.77,315.35
66,13267,21.994855,4.68,320.03
67,13468,21.967342,4.72,324.75
68,13669,21.933529,4.74,329.49
69,13870,21.893071,4.85,334.35
70,14071,21.851848,4.73,339.08
71,14272,21.822203,4.78,343.87
72,14473,21.792393,4.79,348.66
73,14674,21.759226,4.80,353.47
74,14875,21.723858,4.87,358.34
75,15076,21.699000,4.92,363.26
76,15277,21.684835,4.79,368.05
77,15478,21.631130,4.75,372.81
78,15679,21.614657,4.86,377.67
79,15880,21.578410,4.86,382.53
80,16081,21.544857,4.83,387.36
81,16282,21.517913,4.86,392.22
82,16483,21.491641,4.81,397.04
83,16684,21.455050,4.85,401.89
84,16885,21.430498,4.72,406.61
85,17086,21.408521,4.80,411.42
86,17287,21.374577,4.77,416.20
87,17488,21.356664,4.83,421.03
88,17689,21.322470,4.86,425.89
89,17890,21.309368,4.80,430.70
90,18091,21.277649,4.76,435.46
91,18292,21.243041,4.90,440.37
92,18493,21.217484,4.77,445.14
93,18694,21.197342,4.79,449.93
94,18895,21.174592,4.74,454.68
95,19096,21.168623,4.72,459.40
96,19297,21.135755,4.88,464.28
97,19498,21.124175,4.79,469.07
98,19699,21.106428,4.79,473.86
99,19900,21.087010,4.78,478.64
100,20101,21.074804,4.77,483.41
101,20302,21.051603,4.69,488.11
102,20503,21.024021,4.75,492.86
103,20704,21.009994,4.79,497.66
104,20905,20.995238,4.84,502.50
105,21106,20.975875,4.81,507.31
106,21307,20.973433,4.75,512.07
107,21508,20.965006,4.87,516.94
108,21709,20.938690,4.74,521.69
109,21910,20.934619,4.83,526.52
110,22111,20.918484,4.77,531.30
111,22312,20.922636,4.90,536.19
112,22513,20.916855,4.84,541.04
113,22714,20.904501,4.92,545.96
114,22915,20.882946,4.79,550.75
115,23116,20.867276,4.79,555.54
116,23317,20.855408,4.85,560.40
117,23518,20.846100,4.74,565.14
118,23719,20.819245,4.74,569.89
119,23920,20.812977,5.01,575.47
120,24121,20.795570,4.71,580.77
121,24322,20.772984,4.83,586.18
122,24523,20.757944,4.73,591.48
123,24724,20.741456,4.78,596.84
124,24925,20.734260,4.89,602.30
125,25126,20.721138,4.74,607.61
126,25327,20.680960,4.77,612.97
127,25528,20.673339,4.75,618.30
128,25729,20.656998,4.71,623.60
129,25930,20.648481,4.72,628.89
130,26131,20.632544,4.83,634.29
131,26332,20.619708,4.79,639.66
132,26533,20.588009,4.82,645.05
133,26734,20.564596,4.78,650.41
134,26935,20.554982,4.84,655.82
135,27136,20.549084,4.77,661.16
136,27337,20.542190,4.77,666.51
137,27538,20.522474,4.79,671.89
138,27739,20.514599,4.83,677.29
139,27940,20.490727,4.80,682.67
140,28141,20.499234,4.83,688.08
141,28342,20.476635,4.77,692.85
142,28543,20.469512,4.74,698.16
143,28744,20.438888,4.75,703.49
144,28945,20.435467,4.77,708.83
145,29146,20.429618,4.73,714.13
146,29347,20.416809,4.79,719.50
147,29548,20.393439,4.73,724.80
148,29749,20.386718,4.81,730.18
149,29950,20.383179,4.81,735.58
150,30151,20.360475,4.72,740.87
151,30352,20.365145,4.82,746.27
152,30553,20.361232,4.85,751.12
153,30754,20.346668,4.76,755.88
154,30955,20.334634,4.91,761.37
155,31156,20.337969,4.76,766.71
156,31357,20.321384,4.79,771.50
157,31558,20.304877,4.89,776.96
158,31759,20.300126,4.82,782.35
159,31960,20.288047,4.78,787.70
160,32161,20.284069,4.82,793.10
161,32362,20.285535,4.84,798.51
162,32563,20.258778,4.75,803.27
163,32764,20.241447,4.89,808.74
164,32965,20.247522,4.74,814.04
165,33166,20.235707,4.76,818.80
166,33367,20.233626,4.80,824.19
167,33568,20.204856,4.77,829.53
168,33769,20.205007,4.72,834.83
169,33970,20.182998,4.86,839.69
170,34171,20.179904,4.84,845.11
171,34372,20.180244,4.85,850.55
172,34573,20.171524,4.77,855.32
173,34774,20.170890,4.82,860.71
174,34975,20.162102,4.80,866.08
175,35176,20.159814,4.82,871.48
176,35377,20.144142,4.79,876.85
177,35578,20.136912,4.76,882.19
178,35779,20.140000,4.82,887.59
179,35980,20.116336,4.80,892.38
180,36181,20.113131,4.74,897.69
181,36382,20.092900,4.88,903.14
182,36583,20.079313,4.78,908.51
183,36784,20.073797,4.81,913.90
184,36985,20.073708,4.78,919.26
185,37186,20.060088,4.70,924.53
186,37387,0.144270,4.74,929.85
