# --- Attack Parameters ---
# {
#     "attack_type": "bandit",
#     "executable": "./resources/execution_files/liveness_Vit_mnn",
#     "image": "/model_deploy_execution_attack/resources/filtered_images/n003114-0197_01.jpg",
#     "hooks": "/model_deploy_execution_attack/hook_config/liveness_Vit_mnn_hook_config.json",
#     "model": null,
#     "models": "/model_deploy_execution_attack/resources/models/liveness_Vit.mnn",
#     "iterations": 150,
#     "l_inf_norm": 20.0,
#     "missing_hook_penalty": 10.0,
#     "margin": 0.001,
#     "enable_stagnation_decay": true,
#     "learning_rate": 20.0,
#     "lr_decay_rate": 0.97,
#     "lr_decay_steps": 50,
#     "stagnation_patience": 20,
#     "min_loss_delta": 0.001,
#     "enable_dynamic_focus": false,
#     "evaluation_window": 10,
#     "boost_weight": 10.0,
#     "non_target_weight": 1.0,
#     "satisfied_weight": 3.0,
#     "satisfaction_threshold": 0.01,
#     "satisfaction_patience": 3,
#     "raw_args_template": null,
#     "workers": 64,
#     "output_dir": "/model_deploy_execution_attack/attack_results/liveness_Vit_mnn_bandit_n003114-0197_01_20250911-060209",
#     "fd_eta": 0.1,
#     "prior_exploration": 0.1,
#     "prior_size": 32,
#     "prior_lr": 0.1,
#     "adam_beta1": 0.9,
#     "adam_beta2": 0.999,
#     "adam_epsilon": 1e-08,
#     "model_paths": [
#         "/model_deploy_execution_attack/resources/models/liveness_Vit.mnn"
#     ]
# }
# -----------------------

iteration,total_queries,loss,best_loss,lr,is_successful_iter,num_satisfied_hooks,total_hooks,attack_mode,focus_targets,hook_details,iter_time_s,total_time_s
1,4,0.459756,0.195313,20.000000,False,0,1,static,"N/A","",3.57,5.23
2,7,0.407876,0.195313,20.000000,False,0,1,static,"N/A","",3.59,8.82
3,10,0.364715,0.195313,20.000000,False,0,1,static,"N/A","",3.60,12.43
4,13,0.345692,0.195313,20.000000,False,0,1,static,"N/A","",3.58,16.02
5,16,0.358947,0.195313,20.000000,False,0,1,static,"N/A","",3.60,19.64
6,19,0.335835,0.195313,20.000000,False,0,1,static,"N/A","",3.60,23.25
7,22,0.321381,0.195313,20.000000,False,0,1,static,"N/A","",3.58,26.84
8,25,0.290565,0.195313,20.000000,False,0,1,static,"N/A","",3.61,30.47
9,28,0.291182,0.195313,20.000000,False,0,1,static,"N/A","",3.59,34.07
10,31,0.286499,0.195313,20.000000,False,0,1,static,"N/A","",3.59,37.68
11,34,0.293095,0.195313,20.000000,False,0,1,static,"N/A","",3.59,41.28
12,37,0.274729,0.195313,20.000000,False,0,1,static,"N/A","",3.56,44.85
13,40,0.289653,0.195313,20.000000,False,0,1,static,"N/A","",3.59,48.45
14,43,0.302755,0.195313,20.000000,False,0,1,static,"N/A","",3.58,52.04
15,46,0.293132,0.195313,20.000000,False,0,1,static,"N/A","",3.55,55.59
16,49,0.287186,0.195313,20.000000,False,0,1,static,"N/A","",3.59,59.19
17,52,0.280641,0.195313,20.000000,False,0,1,static,"N/A","",3.57,62.77
18,55,0.276265,0.195313,20.000000,False,0,1,static,"N/A","",3.56,66.34
19,58,0.267620,0.195313,20.000000,False,0,1,static,"N/A","",3.56,69.92
20,61,0.269212,0.195313,20.000000,False,0,1,static,"N/A","",3.57,73.50
21,64,0.271735,0.195313,20.000000,False,0,1,static,"N/A","",3.57,77.08
22,67,0.260548,0.195313,20.000000,False,0,1,static,"N/A","",3.59,80.69
23,70,0.271762,0.195313,20.000000,False,0,1,static,"N/A","",3.54,84.24
24,73,0.275438,0.195313,20.000000,False,0,1,static,"N/A","",3.55,87.80
25,76,0.275150,0.195313,20.000000,False,0,1,static,"N/A","",3.56,91.37
26,79,0.288516,0.195313,20.000000,False,0,1,static,"N/A","",3.54,94.92
27,82,0.287117,0.195313,20.000000,False,0,1,static,"N/A","",3.57,98.51
28,85,0.286974,0.195313,20.000000,False,0,1,static,"N/A","",3.58,102.10
29,88,0.284213,0.195313,20.000000,False,0,1,static,"N/A","",3.55,105.66
30,91,0.276301,0.195313,20.000000,False,0,1,static,"N/A","",3.58,109.25
31,94,0.270755,0.195313,20.000000,False,0,1,static,"N/A","",3.57,112.84
32,97,0.274345,0.195313,20.000000,False,0,1,static,"N/A","",3.56,116.40
33,100,0.271683,0.195313,20.000000,False,0,1,static,"N/A","",3.58,120.00
34,103,0.280138,0.195313,20.000000,False,0,1,static,"N/A","",3.56,123.57
35,106,0.279072,0.195313,20.000000,False,0,1,static,"N/A","",3.56,127.15
36,109,0.272260,0.195313,20.000000,False,0,1,static,"N/A","",3.57,130.73
37,112,0.282557,0.195313,20.000000,False,0,1,static,"N/A","",3.58,134.32
38,115,0.281318,0.195313,20.000000,False,0,1,static,"N/A","",3.62,137.95
39,118,0.287820,0.195313,20.000000,False,0,1,static,"N/A","",3.60,141.56
40,121,0.295004,0.195313,20.000000,False,0,1,static,"N/A","",3.60,145.17
41,124,0.280471,0.195313,20.000000,False,0,1,static,"N/A","",3.58,148.76
42,127,0.281800,0.195313,20.000000,False,0,1,static,"N/A","",3.57,152.34
43,130,0.283476,0.195313,19.400000,False,0,1,static,"N/A","",3.55,155.91
44,133,0.278786,0.195313,19.400000,False,0,1,static,"N/A","",3.56,159.48
45,136,0.276688,0.195313,19.400000,False,0,1,static,"N/A","",3.56,163.05
46,139,0.279644,0.195313,19.400000,False,0,1,static,"N/A","",3.56,166.62
47,142,0.290683,0.195313,19.400000,False,0,1,static,"N/A","",3.57,170.20
48,145,0.295711,0.195313,19.400000,False,0,1,static,"N/A","",3.59,173.80
49,148,0.292979,0.195313,19.400000,False,0,1,static,"N/A","",3.58,177.39
50,151,0.283438,0.195313,19.400000,False,0,1,static,"N/A","",3.57,180.97
51,154,0.282661,0.195313,19.400000,False,0,1,static,"N/A","",3.55,184.54
52,157,0.266681,0.195313,19.400000,False,0,1,static,"N/A","",3.57,188.11
53,160,0.263616,0.195313,19.400000,False,0,1,static,"N/A","",3.56,191.69
54,163,0.276729,0.195313,19.400000,False,0,1,static,"N/A","",3.56,195.25
55,166,0.274265,0.195313,19.400000,False,0,1,static,"N/A","",3.55,198.82
56,169,0.274399,0.195313,19.400000,False,0,1,static,"N/A","",3.57,202.40
57,172,0.272365,0.195313,19.400000,False,0,1,static,"N/A","",3.57,205.99
58,175,0.266308,0.195313,19.400000,False,0,1,static,"N/A","",3.58,209.58
59,178,0.258727,0.195313,19.400000,False,0,1,static,"N/A","",3.58,213.17
60,181,0.264184,0.195313,19.400000,False,0,1,static,"N/A","",3.56,216.75
61,184,0.258240,0.195313,19.400000,False,0,1,static,"N/A","",3.59,220.35
62,187,0.266179,0.195313,19.400000,False,0,1,static,"N/A","",3.57,223.93
63,190,0.262125,0.195313,19.400000,False,0,1,static,"N/A","",3.59,227.53
64,193,0.268346,0.195313,19.400000,False,0,1,static,"N/A","",3.60,231.14
65,196,0.274432,0.195313,19.400000,False,0,1,static,"N/A","",3.59,234.75
66,199,0.274694,0.195313,19.400000,False,0,1,static,"N/A","",3.61,238.37
67,202,0.273645,0.195313,19.400000,False,0,1,static,"N/A","",3.61,241.99
68,205,0.266910,0.195313,19.400000,False,0,1,static,"N/A","",3.60,245.60
69,208,0.257085,0.195313,19.400000,False,0,1,static,"N/A","",3.59,249.20
70,211,0.270413,0.195313,19.400000,False,0,1,static,"N/A","",3.59,252.80
71,214,0.269404,0.195313,19.400000,False,0,1,static,"N/A","",3.60,256.40
72,217,0.265771,0.195313,19.400000,False,0,1,static,"N/A","",3.57,259.98
73,220,0.277158,0.195313,19.400000,False,0,1,static,"N/A","",3.56,263.56
74,223,0.265897,0.195313,19.400000,False,0,1,static,"N/A","",3.59,267.16
75,226,0.269147,0.195313,19.400000,False,0,1,static,"N/A","",3.59,270.76
76,229,0.269978,0.195313,19.400000,False,0,1,static,"N/A","",3.57,274.34
77,232,0.281744,0.195313,19.400000,False,0,1,static,"N/A","",3.58,277.93
78,235,0.287823,0.195313,19.400000,False,0,1,static,"N/A","",3.58,281.53
79,238,0.282950,0.195313,19.400000,False,0,1,static,"N/A","",3.58,285.12
80,241,0.266253,0.195313,19.400000,False,0,1,static,"N/A","",3.58,288.72
81,244,0.262242,0.195313,19.400000,False,0,1,static,"N/A","",3.60,292.32
82,247,0.263693,0.195313,19.400000,False,0,1,static,"N/A","",3.59,295.92
83,250,0.267664,0.195313,19.400000,False,0,1,static,"N/A","",3.59,299.52
84,253,0.266119,0.195313,19.400000,False,0,1,static,"N/A","",3.61,303.14
85,256,0.266676,0.195313,19.400000,False,0,1,static,"N/A","",3.59,306.74
86,259,0.287138,0.195313,19.400000,False,0,1,static,"N/A","",3.59,310.35
87,262,0.290827,0.195313,19.400000,False,0,1,static,"N/A","",3.58,313.94
88,265,0.268735,0.195313,19.400000,False,0,1,static,"N/A","",3.60,317.55
89,268,0.284344,0.195313,19.400000,False,0,1,static,"N/A","",3.56,321.12
90,271,0.265320,0.195313,18.818000,False,0,1,static,"N/A","",3.58,324.71
91,274,0.289530,0.195313,18.818000,False,0,1,static,"N/A","",3.56,328.29
92,277,0.292122,0.195313,18.818000,False,0,1,static,"N/A","",3.58,331.88
93,280,0.279446,0.195313,18.818000,False,0,1,static,"N/A","",3.55,335.44
94,283,0.270852,0.195313,18.818000,False,0,1,static,"N/A","",3.57,339.03
95,286,0.270880,0.195313,18.818000,False,0,1,static,"N/A","",3.57,342.61
96,289,0.272462,0.195313,18.818000,False,0,1,static,"N/A","",3.58,346.20
97,292,0.267757,0.195313,18.818000,False,0,1,static,"N/A","",3.58,349.80
98,295,0.266826,0.195313,18.818000,False,0,1,static,"N/A","",3.58,353.39
99,298,0.268383,0.195313,18.818000,False,0,1,static,"N/A","",3.58,356.98
100,301,0.263150,0.195313,18.818000,False,0,1,static,"N/A","",3.59,360.58
101,304,0.258592,0.195313,18.818000,False,0,1,static,"N/A","",3.58,364.17
102,307,0.261925,0.195313,18.818000,False,0,1,static,"N/A","",3.60,367.79
103,310,0.254985,0.195313,18.818000,False,0,1,static,"N/A","",3.56,371.36
104,313,0.257757,0.195313,18.818000,False,0,1,static,"N/A","",3.58,374.95
105,316,0.256896,0.195313,18.818000,False,0,1,static,"N/A","",3.56,378.52
106,319,0.270652,0.195313,18.818000,False,0,1,static,"N/A","",3.55,382.08
107,322,0.259750,0.195313,18.818000,False,0,1,static,"N/A","",3.60,385.70
108,325,0.254411,0.195313,18.818000,False,0,1,static,"N/A","",3.59,389.29
109,328,0.246786,0.195313,18.818000,False,0,1,static,"N/A","",3.59,392.89
110,331,0.253048,0.195313,18.818000,False,0,1,static,"N/A","",3.61,396.52
111,334,0.258827,0.195313,18.818000,False,0,1,static,"N/A","",3.58,400.11
112,337,0.254741,0.195313,18.818000,False,0,1,static,"N/A","",3.58,403.70
113,340,0.260856,0.195313,18.818000,False,0,1,static,"N/A","",3.57,407.28
114,343,0.257241,0.195313,18.818000,False,0,1,static,"N/A","",3.60,410.89
115,346,0.251906,0.195313,18.818000,False,0,1,static,"N/A","",3.58,414.49
116,349,0.257444,0.195313,18.818000,False,0,1,static,"N/A","",3.58,418.08
117,352,0.254650,0.195313,18.818000,False,0,1,static,"N/A","",3.58,421.67
118,355,0.255298,0.195313,18.818000,False,0,1,static,"N/A","",3.58,425.27
119,358,0.257571,0.195313,18.818000,False,0,1,static,"N/A","",3.58,428.86
120,361,0.262464,0.195313,18.818000,False,0,1,static,"N/A","",3.59,432.47
121,364,0.267045,0.195313,18.818000,False,0,1,static,"N/A","",3.59,436.07
122,367,0.267258,0.195313,18.818000,False,0,1,static,"N/A","",3.56,439.64
123,370,0.260261,0.195313,18.818000,False,0,1,static,"N/A","",3.57,443.22
124,373,0.260155,0.195313,18.818000,False,0,1,static,"N/A","",3.56,446.79
125,376,0.265794,0.195313,18.818000,False,0,1,static,"N/A","",3.59,450.39
126,379,0.264699,0.195313,18.818000,False,0,1,static,"N/A","",3.58,453.97
127,382,0.254274,0.195313,18.818000,False,0,1,static,"N/A","",3.61,457.59
128,385,0.248896,0.195313,18.818000,False,0,1,static,"N/A","",3.58,461.19
129,388,0.255761,0.195313,18.818000,False,0,1,static,"N/A","",3.59,464.79
130,391,0.263589,0.195313,18.253460,False,0,1,static,"N/A","",3.58,468.38
131,394,0.260637,0.195313,18.253460,False,0,1,static,"N/A","",3.57,471.97
132,397,0.256725,0.195313,18.253460,False,0,1,static,"N/A","",3.58,475.56
133,400,0.251593,0.195313,18.253460,False,0,1,static,"N/A","",3.60,479.17
134,403,0.250773,0.195313,18.253460,False,0,1,static,"N/A","",3.62,482.80
135,406,0.269151,0.195313,18.253460,False,0,1,static,"N/A","",3.60,486.42
136,409,0.291619,0.195313,18.253460,False,0,1,static,"N/A","",3.59,490.02
137,412,0.290452,0.195313,18.253460,False,0,1,static,"N/A","",3.62,493.65
138,415,0.298381,0.195313,18.253460,False,0,1,static,"N/A","",3.62,497.28
139,418,0.306067,0.195313,18.253460,False,0,1,static,"N/A","",3.60,500.90
140,421,0.286001,0.195313,18.253460,False,0,1,static,"N/A","",3.59,504.50
141,424,0.287526,0.195313,18.253460,False,0,1,static,"N/A","",3.57,508.08
142,427,0.280810,0.195313,18.253460,False,0,1,static,"N/A","",3.57,511.66
143,430,0.293035,0.195313,18.253460,False,0,1,static,"N/A","",3.56,515.24
144,433,0.276113,0.195313,18.253460,False,0,1,static,"N/A","",3.57,518.82
145,436,0.274006,0.195313,18.253460,False,0,1,static,"N/A","",3.56,522.39
146,439,0.269459,0.195313,18.253460,False,0,1,static,"N/A","",3.60,526.01
147,442,0.265802,0.195313,18.253460,False,0,1,static,"N/A","",3.56,529.58
148,445,0.263789,0.195313,18.253460,False,0,1,static,"N/A","",3.56,533.16
149,448,0.253334,0.195313,18.253460,False,0,1,static,"N/A","",3.57,536.74
150,451,0.251624,0.195313,17.705856,False,0,1,static,"N/A","{"0x2d1c": {"loss": 0.251624, "satisfied": false}}",3.60,540.35
