# --- Attack Parameters ---
# {
#     "executable": "./resources/execution_files/age_googlenet_mnn",
#     "image": "/img_align_celeba/197560.jpg",
#     "hooks": "/temp/hook_config/age_googlenet_mnn_hook_config.json",
#     "model": [
#         "/temp/resources/models/age_googlenet.mnn"
#     ],
#     "models": null,
#     "iterations": 100,
#     "learning_rate": 5.0,
#     "l_inf_norm": 30.0,
#     "lr_decay_rate": 0.97,
#     "lr_decay_steps": 50,
#     "missing_hook_penalty": 10.0,
#     "margin": 0.05,
#     "population_size": 200,
#     "sigma": 0.6,
#     "enable_stagnation_decay": true,
#     "stagnation_patience": 20,
#     "min_loss_delta": 0.001,
#     "enable_fitness_shaping": true,
#     "adam_beta1": 0.9,
#     "adam_beta2": 0.999,
#     "adam_epsilon": 1e-08,
#     "enable_dynamic_focus": true,
#     "evaluation_window": 10,
#     "boost_weight": 12.0,
#     "non_target_weight": 1.0,
#     "satisfied_weight": 3.0,
#     "satisfaction_threshold": 0.01,
#     "satisfaction_patience": 3,
#     "raw_args_template": null,
#     "workers": 64,
#     "output_dir": "/temp/outputs/age_googlenet_mnn_attack_results/197560_attacked",
#     "model_paths": [
#         "/temp/resources/models/age_googlenet.mnn"
#     ]
# }
# -----------------------

iteration,total_queries,loss,best_loss,lr,is_successful_iter,num_satisfied_hooks,total_hooks,attack_mode,focus_targets,hook_details,iter_time_s,total_time_s
1,202,40.850253,inf,5.000000,False,1,6,scouting,"None","",5.79,6.34
2,403,40.800348,40.850253,5.000000,False,1,6,scouting,"None","",5.81,12.93
3,604,40.742068,40.800348,5.000000,False,1,6,scouting,"None","",5.71,19.43
4,805,40.679684,40.742068,5.000000,False,1,6,scouting,"None","",5.81,26.03
5,1006,40.610430,40.679684,5.000000,False,1,6,scouting,"None","",5.74,32.55
6,1207,40.540292,40.610430,5.000000,False,1,6,scouting,"None","",5.71,39.05
7,1408,40.480733,40.540292,5.000000,False,1,6,scouting,"None","",5.79,45.62
8,1609,40.433081,40.480733,5.000000,False,1,6,scouting,"None","",5.75,52.14
9,1810,40.393421,40.433081,5.000000,False,1,6,scouting,"None","",5.78,58.70
10,2011,40.405874,40.393421,5.000000,False,1,6,scouting,"None","",5.73,65.22
11,2212,45.003036,40.393421,5.000000,False,1,6,focused_fire,"0x233c","",5.81,71.03
12,2413,45.029287,40.393421,5.000000,False,1,6,focused_fire,"0x233c","",5.74,76.78
13,2614,44.931551,40.393421,5.000000,False,1,6,focused_fire,"0x233c","",5.74,82.52
14,2815,44.776904,40.393421,5.000000,False,1,6,focused_fire,"0x233c","",5.86,88.38
15,3016,44.561831,40.393421,5.000000,False,1,6,focused_fire,"0x233c","",5.80,94.18
16,3217,44.526020,40.393421,5.000000,False,1,6,focused_fire,"0x233c","",5.79,99.97
17,3418,44.629368,40.393421,5.000000,False,1,6,focused_fire,"0x233c","",5.80,105.77
18,3619,44.632221,40.393421,5.000000,False,1,6,focused_fire,"0x233c","",5.77,111.54
19,3820,44.555609,40.393421,5.000000,False,1,6,focused_fire,"0x233c","",5.74,117.29
20,4021,44.436737,40.393421,5.000000,False,1,6,focused_fire,"0x233c","",5.73,123.03
21,4222,44.296732,40.393421,5.000000,False,1,6,focused_fire,"0x233c","",5.79,128.82
22,4423,44.383194,40.393421,5.000000,False,1,6,focused_fire,"0x233c","",5.74,134.56
23,4624,44.397168,40.393421,5.000000,False,1,6,focused_fire,"0x233c","",5.81,140.37
24,4825,44.370112,40.393421,5.000000,False,1,6,focused_fire,"0x233c","",5.74,146.11
25,5026,44.251258,40.393421,5.000000,False,1,6,focused_fire,"0x233c","",5.81,151.92
26,5227,44.142115,40.393421,5.000000,False,1,6,focused_fire,"0x233c","",5.74,157.66
27,5428,44.181825,40.393421,5.000000,False,1,6,focused_fire,"0x233c","",5.76,163.42
28,5629,44.171456,40.393421,5.000000,False,1,6,focused_fire,"0x233c","",5.82,169.24
29,5830,44.113700,40.393421,5.000000,False,1,6,focused_fire,"0x233c","",5.82,175.05
30,6031,44.001474,40.393421,5.000000,False,1,6,focused_fire,"0x233c","",5.75,180.81
31,6232,44.059085,40.393421,5.000000,False,1,6,focused_fire,"0x233c","",5.77,186.58
32,6433,44.062158,40.393421,5.000000,False,1,6,focused_fire,"0x233c","",5.79,192.37
33,6634,44.017156,40.393421,5.000000,False,1,6,focused_fire,"0x233c","",5.75,198.12
34,6835,43.919963,40.393421,5.000000,False,1,6,focused_fire,"0x233c","",5.81,203.94
35,7036,43.937245,40.393421,5.000000,False,1,6,focused_fire,"0x233c","",5.76,209.70
36,7237,43.963415,40.393421,5.000000,False,1,6,focused_fire,"0x233c","",5.83,215.53
37,7438,43.945250,40.393421,5.000000,False,1,6,focused_fire,"0x233c","",5.66,221.20
38,7639,43.889989,40.393421,5.000000,False,1,6,focused_fire,"0x233c","",5.73,226.93
39,7840,43.795232,40.393421,5.000000,False,1,6,focused_fire,"0x233c","",5.82,232.75
40,8041,43.741997,40.393421,5.000000,False,1,6,focused_fire,"0x233c","",5.68,238.43
41,8242,43.756038,40.393421,5.000000,False,1,6,focused_fire,"0x233c","",5.77,244.21
42,8443,43.688429,40.393421,5.000000,False,1,6,focused_fire,"0x233c","",5.81,250.02
43,8644,43.646912,40.393421,5.000000,False,1,6,focused_fire,"0x233c","",5.74,255.76
44,8845,43.623829,40.393421,5.000000,False,1,6,focused_fire,"0x233c","",5.79,261.56
45,9046,43.578380,40.393421,5.000000,False,1,6,focused_fire,"0x233c","",5.75,267.31
46,9247,43.597237,40.393421,5.000000,False,1,6,focused_fire,"0x233c","",5.79,273.10
47,9448,43.561249,40.393421,5.000000,False,1,6,focused_fire,"0x233c","",5.81,278.90
48,9649,43.488071,40.393421,5.000000,False,1,6,focused_fire,"0x233c","",5.76,284.66
49,9850,43.527954,40.393421,5.000000,False,1,6,focused_fire,"0x233c","",5.79,290.46
50,10051,43.519992,40.393421,5.000000,False,1,6,focused_fire,"0x233c","",5.74,296.20
51,10252,43.475957,40.393421,4.850000,False,1,6,focused_fire,"0x233c","",5.77,301.97
52,10453,43.404985,40.393421,4.850000,False,1,6,focused_fire,"0x233c","",5.75,307.73
53,10654,43.418386,40.393421,4.850000,False,1,6,focused_fire,"0x233c","",5.70,313.43
54,10855,43.434540,40.393421,4.850000,False,1,6,focused_fire,"0x233c","",5.74,319.17
55,11056,43.393888,40.393421,4.850000,False,1,6,focused_fire,"0x233c","",5.74,324.91
56,11257,43.307037,40.393421,4.850000,False,1,6,focused_fire,"0x233c","",5.74,330.65
57,11458,43.360831,40.393421,4.850000,False,1,6,focused_fire,"0x233c","",5.79,336.44
58,11659,43.375301,40.393421,4.850000,False,1,6,focused_fire,"0x233c","",5.71,342.15
59,11860,43.337154,40.393421,4.850000,False,1,6,focused_fire,"0x233c","",5.80,347.95
60,12061,43.267617,40.393421,4.850000,False,1,6,focused_fire,"0x233c","",5.98,353.93
61,12262,43.223258,40.393421,4.850000,False,1,6,focused_fire,"0x233c","",5.77,359.70
62,12463,43.225164,40.393421,4.850000,False,1,6,focused_fire,"0x233c","",5.86,365.56
63,12664,43.181870,40.393421,4.850000,False,1,6,focused_fire,"0x233c","",5.81,371.37
64,12865,43.165328,40.393421,4.850000,False,1,6,focused_fire,"0x233c","",5.76,377.14
65,13066,43.149816,40.393421,4.850000,False,1,6,focused_fire,"0x233c","",5.79,382.93
66,13267,43.116249,40.393421,4.850000,False,1,6,focused_fire,"0x233c","",5.81,388.74
67,13468,43.079413,40.393421,4.850000,False,1,6,focused_fire,"0x233c","",5.72,394.46
68,13669,43.065818,40.393421,4.850000,False,1,6,focused_fire,"0x233c","",5.86,400.33
69,13870,43.038580,40.393421,4.850000,False,1,6,focused_fire,"0x233c","",5.77,406.10
70,14071,43.019808,40.393421,4.850000,False,1,6,focused_fire,"0x233c","",5.81,411.91
71,14272,43.023397,40.393421,4.850000,False,1,6,focused_fire,"0x233c","",5.71,417.62
72,14473,42.992438,40.393421,4.850000,False,1,6,focused_fire,"0x233c","",5.82,423.45
73,14674,42.994811,40.393421,4.850000,False,1,6,focused_fire,"0x233c","",5.80,429.25
74,14875,42.980539,40.393421,4.850000,False,1,6,focused_fire,"0x233c","",5.72,434.97
75,15076,42.933431,40.393421,4.850000,False,1,6,focused_fire,"0x233c","",5.87,440.84
76,15277,42.958098,40.393421,4.850000,False,1,6,focused_fire,"0x233c","",5.75,446.60
77,15478,42.949334,40.393421,4.850000,False,1,6,focused_fire,"0x233c","",5.74,452.34
78,15679,42.897793,40.393421,4.850000,False,1,6,focused_fire,"0x233c","",5.78,458.12
79,15880,42.874865,40.393421,4.850000,False,1,6,focused_fire,"0x233c","",5.73,463.86
80,16081,42.897733,40.393421,4.850000,False,1,6,focused_fire,"0x233c","",5.74,469.60
81,16282,42.872589,40.393421,4.850000,False,1,6,focused_fire,"0x233c","",5.70,475.30
82,16483,42.825252,40.393421,4.850000,False,1,6,focused_fire,"0x233c","",5.81,481.11
83,16684,42.816496,40.393421,4.850000,False,1,6,focused_fire,"0x233c","",5.75,486.86
84,16885,42.827938,40.393421,4.850000,False,1,6,focused_fire,"0x233c","",5.75,492.61
85,17086,42.809066,40.393421,4.850000,False,1,6,focused_fire,"0x233c","",5.76,498.37
86,17287,42.762856,40.393421,4.850000,False,1,6,focused_fire,"0x233c","",5.70,504.07
87,17488,42.770278,40.393421,4.850000,False,1,6,focused_fire,"0x233c","",5.72,509.80
88,17689,42.735566,40.393421,4.850000,False,1,6,focused_fire,"0x233c","",5.82,515.62
89,17890,42.737301,40.393421,4.850000,False,1,6,focused_fire,"0x233c","",5.77,521.39
90,18091,42.718271,40.393421,4.850000,False,1,6,focused_fire,"0x233c","",5.78,527.17
91,18292,42.670654,40.393421,4.850000,False,1,6,focused_fire,"0x233c","",5.76,532.93
92,18493,42.646886,40.393421,4.850000,False,1,6,focused_fire,"0x233c","",5.85,538.79
93,18694,42.658503,40.393421,4.850000,False,1,6,focused_fire,"0x233c","",5.78,544.57
94,18895,42.635607,40.393421,4.850000,False,1,6,focused_fire,"0x233c","",5.69,550.26
95,19096,42.603622,40.393421,4.850000,False,1,6,focused_fire,"0x233c","",5.86,556.12
96,19297,42.578227,40.393421,4.850000,False,1,6,focused_fire,"0x233c","",5.87,561.99
97,19498,42.553975,40.393421,4.850000,False,1,6,focused_fire,"0x233c","",5.70,567.69
98,19699,42.534648,40.393421,4.850000,False,1,6,focused_fire,"0x233c","",5.71,573.40
99,19900,42.516909,40.393421,4.850000,False,1,6,focused_fire,"0x233c","",5.73,579.14
100,20101,42.487735,40.393421,4.850000,False,1,6,focused_fire,"0x233c","{"0x2318": {"loss": 10.0, "satisfied": false}, "0x2324": {"loss": 10.0, "satisfied": false}, "0x233c": {"loss": 0.207311, "satisfied": false}, "0x2348": {"loss": 10.0, "satisfied": false}, "0x2358": {"loss": 0.0, "satisfied": true}, "0x2364": {"loss": 10.0, "satisfied": false}}",5.77,584.92
