# --- Attack Parameters ---
# {
#     "executable": "./resources/execution_files/age_googlenet_mnn",
#     "image": "/img_align_celeba/195411.jpg",
#     "hooks": "/model_deploy_execution_attack_for_pipeline/hook_config/age_googlenet_mnn_hook_config.json",
#     "model": [
#         "/model_deploy_execution_attack_for_pipeline/resources/models/age_googlenet.mnn"
#     ],
#     "models": null,
#     "iterations": 100,
#     "learning_rate": 5.0,
#     "l_inf_norm": 30.0,
#     "lr_decay_rate": 0.97,
#     "lr_decay_steps": 50,
#     "missing_hook_penalty": 10.0,
#     "margin": 0.05,
#     "population_size": 200,
#     "sigma": 0.6,
#     "enable_stagnation_decay": true,
#     "stagnation_patience": 20,
#     "min_loss_delta": 0.001,
#     "enable_fitness_shaping": true,
#     "adam_beta1": 0.9,
#     "adam_beta2": 0.999,
#     "adam_epsilon": 1e-08,
#     "enable_dynamic_focus": true,
#     "evaluation_window": 10,
#     "boost_weight": 12.0,
#     "non_target_weight": 1.0,
#     "satisfied_weight": 3.0,
#     "satisfaction_threshold": 0.01,
#     "satisfaction_patience": 3,
#     "raw_args_template": null,
#     "workers": 64,
#     "output_dir": "/model_deploy_execution_attack_for_pipeline/outputs/age_googlenet_mnn_attack_results/195411_attacked",
#     "model_paths": [
#         "/model_deploy_execution_attack_for_pipeline/resources/models/age_googlenet.mnn"
#     ]
# }
# -----------------------

iteration,total_queries,loss,best_loss,lr,is_successful_iter,num_satisfied_hooks,total_hooks,attack_mode,focus_targets,hook_details,iter_time_s,total_time_s
1,202,40.843247,inf,5.000000,False,1,6,scouting,"None","",5.91,6.48
2,403,40.820242,40.843247,5.000000,False,1,6,scouting,"None","",5.77,13.04
3,604,40.797915,40.820242,5.000000,False,1,6,scouting,"None","",5.78,19.59
4,805,40.776242,40.797915,5.000000,False,1,6,scouting,"None","",5.80,26.17
5,1006,40.752685,40.776242,5.000000,False,1,6,scouting,"None","",5.76,32.72
6,1207,40.727985,40.752685,5.000000,False,1,6,scouting,"None","",5.77,39.28
7,1408,40.701736,40.727985,5.000000,False,1,6,scouting,"None","",5.71,45.78
8,1609,40.678531,40.701736,5.000000,False,1,6,scouting,"None","",5.76,52.34
9,1810,40.657618,40.678531,5.000000,False,1,6,scouting,"None","",5.77,58.90
10,2011,40.636741,40.657618,5.000000,False,1,6,scouting,"None","",5.77,65.46
11,2212,47.394683,40.636741,5.000000,False,1,6,focused_fire,"0x233c","",5.83,72.08
12,2413,47.132650,40.636741,5.000000,False,1,6,focused_fire,"0x233c","",5.76,77.84
13,2614,46.894107,40.636741,5.000000,False,1,6,focused_fire,"0x233c","",5.80,83.65
14,2815,46.647593,40.636741,5.000000,False,1,6,focused_fire,"0x233c","",5.71,89.36
15,3016,46.401992,40.636741,5.000000,False,1,6,focused_fire,"0x233c","",5.85,95.21
16,3217,46.156705,40.636741,5.000000,False,1,6,focused_fire,"0x233c","",5.78,100.99
17,3418,45.917899,40.636741,5.000000,False,1,6,focused_fire,"0x233c","",5.84,106.83
18,3619,45.671997,40.636741,5.000000,False,1,6,focused_fire,"0x233c","",5.75,112.59
19,3820,45.425622,40.636741,5.000000,False,1,6,focused_fire,"0x233c","",5.83,118.42
20,4021,45.196183,40.636741,5.000000,False,1,6,focused_fire,"0x233c","",5.84,124.26
21,4222,44.964910,40.636741,5.000000,False,1,6,focused_fire,"0x233c","",5.73,130.00
22,4423,44.761876,40.636741,5.000000,False,1,6,focused_fire,"0x233c","",5.83,135.83
23,4624,44.559724,40.636741,5.000000,False,1,6,focused_fire,"0x233c","",5.82,141.66
24,4825,44.715344,40.636741,5.000000,False,1,6,focused_fire,"0x233c","",5.85,147.52
25,5026,44.810718,40.636741,5.000000,False,1,6,focused_fire,"0x233c","",5.72,153.23
26,5227,44.858270,40.636741,5.000000,False,1,6,focused_fire,"0x233c","",5.93,159.17
27,5428,44.843986,40.636741,5.000000,False,1,6,focused_fire,"0x233c","",5.83,165.00
28,5629,44.810783,40.636741,5.000000,False,1,6,focused_fire,"0x233c","",5.81,170.81
29,5830,44.733532,40.636741,5.000000,False,1,6,focused_fire,"0x233c","",5.75,176.56
30,6031,44.646310,40.636741,5.000000,False,1,6,focused_fire,"0x233c","",5.82,182.38
31,6232,44.517757,40.636741,5.000000,False,1,6,focused_fire,"0x233c","",5.80,188.18
32,6433,44.533938,40.636741,5.000000,False,1,6,focused_fire,"0x233c","",5.76,193.95
33,6634,44.642236,40.636741,5.000000,False,1,6,focused_fire,"0x233c","",5.77,199.72
34,6835,44.704184,40.636741,5.000000,False,1,6,focused_fire,"0x233c","",5.85,205.57
35,7036,44.725618,40.636741,5.000000,False,1,6,focused_fire,"0x233c","",5.80,211.37
36,7237,44.716563,40.636741,5.000000,False,1,6,focused_fire,"0x233c","",5.84,217.22
37,7438,44.682252,40.636741,5.000000,False,1,6,focused_fire,"0x233c","",5.79,223.02
38,7639,44.619055,40.636741,5.000000,False,1,6,focused_fire,"0x233c","",5.83,228.85
39,7840,44.545402,40.636741,5.000000,False,1,6,focused_fire,"0x233c","",5.86,234.71
40,8041,44.442943,40.636741,5.000000,False,1,6,focused_fire,"0x233c","",5.76,240.48
41,8242,44.353495,40.636741,5.000000,False,1,6,focused_fire,"0x233c","",5.78,246.26
42,8443,44.379083,40.636741,5.000000,False,1,6,focused_fire,"0x233c","",5.73,251.99
43,8644,44.365931,40.636741,5.000000,False,1,6,focused_fire,"0x233c","",5.79,257.78
44,8845,44.309144,40.636741,5.000000,False,1,6,focused_fire,"0x233c","",5.86,263.65
45,9046,44.353431,40.636741,5.000000,False,1,6,focused_fire,"0x233c","",5.73,269.38
46,9247,44.372217,40.636741,5.000000,False,1,6,focused_fire,"0x233c","",5.80,275.18
47,9448,44.362600,40.636741,5.000000,False,1,6,focused_fire,"0x233c","",5.85,281.04
48,9649,44.322168,40.636741,5.000000,False,1,6,focused_fire,"0x233c","",5.84,286.88
49,9850,44.275033,40.636741,5.000000,False,1,6,focused_fire,"0x233c","",5.83,292.71
50,10051,44.199986,40.636741,5.000000,False,1,6,focused_fire,"0x233c","",5.78,298.49
51,10252,44.225987,40.636741,4.850000,False,1,6,focused_fire,"0x233c","",5.78,304.27
52,10453,44.223875,40.636741,4.850000,False,1,6,focused_fire,"0x233c","",5.90,310.18
53,10654,44.188692,40.636741,4.850000,False,1,6,focused_fire,"0x233c","",5.73,315.91
54,10855,44.121595,40.636741,4.850000,False,1,6,focused_fire,"0x233c","",5.80,321.72
55,11056,44.169335,40.636741,4.850000,False,1,6,focused_fire,"0x233c","",5.72,327.44
56,11257,44.183492,40.636741,4.850000,False,1,6,focused_fire,"0x233c","",5.82,333.26
57,11458,44.189740,40.636741,4.850000,False,1,6,focused_fire,"0x233c","",5.79,339.06
58,11659,44.174458,40.636741,4.850000,False,1,6,focused_fire,"0x233c","",5.84,344.90
59,11860,44.137563,40.636741,4.850000,False,1,6,focused_fire,"0x233c","",5.80,350.71
60,12061,44.085836,40.636741,4.850000,False,1,6,focused_fire,"0x233c","",5.71,356.43
61,12262,44.018913,40.636741,4.850000,False,1,6,focused_fire,"0x233c","",5.81,362.24
62,12463,44.040069,40.636741,4.850000,False,1,6,focused_fire,"0x233c","",5.85,368.09
63,12664,44.031100,40.636741,4.850000,False,1,6,focused_fire,"0x233c","",5.79,373.89
64,12865,43.982296,40.636741,4.850000,False,1,6,focused_fire,"0x233c","",5.82,379.71
65,13066,44.003262,40.636741,4.850000,False,1,6,focused_fire,"0x233c","",5.78,385.49
66,13267,44.022999,40.636741,4.850000,False,1,6,focused_fire,"0x233c","",5.81,391.30
67,13468,44.018166,40.636741,4.850000,False,1,6,focused_fire,"0x233c","",5.79,397.09
68,13669,43.999762,40.636741,4.850000,False,1,6,focused_fire,"0x233c","",5.81,402.90
69,13870,43.951288,40.636741,4.850000,False,1,6,focused_fire,"0x233c","",5.84,408.74
70,14071,43.896955,40.636741,4.850000,False,1,6,focused_fire,"0x233c","",5.85,414.59
71,14272,43.900526,40.636741,4.850000,False,1,6,focused_fire,"0x233c","",5.87,420.47
72,14473,43.890076,40.636741,4.850000,False,1,6,focused_fire,"0x233c","",5.78,426.25
73,14674,43.842967,40.636741,4.850000,False,1,6,focused_fire,"0x233c","",5.86,432.11
74,14875,43.866592,40.636741,4.850000,False,1,6,focused_fire,"0x233c","",5.92,438.03
75,15076,43.886453,40.636741,4.850000,False,1,6,focused_fire,"0x233c","",5.78,443.81
76,15277,43.862751,40.636741,4.850000,False,1,6,focused_fire,"0x233c","",5.70,449.51
77,15478,43.815328,40.636741,4.850000,False,1,6,focused_fire,"0x233c","",5.75,455.26
78,15679,43.757613,40.636741,4.850000,False,1,6,focused_fire,"0x233c","",5.76,461.02
79,15880,43.781668,40.636741,4.850000,False,1,6,focused_fire,"0x233c","",5.78,466.80
80,16081,43.781674,40.636741,4.850000,False,1,6,focused_fire,"0x233c","",5.76,472.56
81,16282,43.751253,40.636741,4.850000,False,1,6,focused_fire,"0x233c","",5.82,478.39
82,16483,43.739085,40.636741,4.850000,False,1,6,focused_fire,"0x233c","",5.76,484.15
83,16684,43.764116,40.636741,4.850000,False,1,6,focused_fire,"0x233c","",5.80,489.95
84,16885,43.769131,40.636741,4.850000,False,1,6,focused_fire,"0x233c","",5.83,495.78
85,17086,43.749594,40.636741,4.850000,False,1,6,focused_fire,"0x233c","",5.80,501.58
86,17287,43.710472,40.636741,4.850000,False,1,6,focused_fire,"0x233c","",5.85,507.43
87,17488,43.678460,40.636741,4.850000,False,1,6,focused_fire,"0x233c","",5.75,513.18
88,17689,43.657264,40.636741,4.850000,False,1,6,focused_fire,"0x233c","",5.77,518.96
89,17890,43.650277,40.636741,4.850000,False,1,6,focused_fire,"0x233c","",5.81,524.76
90,18091,43.647567,40.636741,4.850000,False,1,6,focused_fire,"0x233c","",5.80,530.56
91,18292,43.615469,40.636741,4.850000,False,1,6,focused_fire,"0x233c","",5.76,536.33
92,18493,43.606678,40.636741,4.850000,False,1,6,focused_fire,"0x233c","",5.73,542.06
93,18694,43.565230,40.636741,4.850000,False,1,6,focused_fire,"0x233c","",5.85,547.91
94,18895,43.556858,40.636741,4.850000,False,1,6,focused_fire,"0x233c","",5.81,553.72
95,19096,43.519548,40.636741,4.850000,False,1,6,focused_fire,"0x233c","",5.73,559.45
96,19297,43.521660,40.636741,4.850000,False,1,6,focused_fire,"0x233c","",5.81,565.26
97,19498,43.478246,40.636741,4.850000,False,1,6,focused_fire,"0x233c","",5.79,571.05
98,19699,43.466729,40.636741,4.850000,False,1,6,focused_fire,"0x233c","",5.70,576.76
99,19900,43.436962,40.636741,4.850000,False,1,6,focused_fire,"0x233c","",5.80,582.57
100,20101,43.397796,40.636741,4.850000,False,1,6,focused_fire,"0x233c","{"0x2318": {"loss": 10.0, "satisfied": false}, "0x2324": {"loss": 10.0, "satisfied": false}, "0x233c": {"loss": 0.28315, "satisfied": false}, "0x2348": {"loss": 10.0, "satisfied": false}, "0x2358": {"loss": 0.0, "satisfied": true}, "0x2364": {"loss": 10.0, "satisfied": false}}",5.80,588.37
