# --- Attack Parameters ---
# {
#     "executable": "./resources/execution_files/age_googlenet_mnn",
#     "image": "/img_align_celeba/108532.jpg",
#     "hooks": "/model_deploy_execution_attack_for_pipeline/hook_config/age_googlenet_mnn_hook_config.json",
#     "model": [
#         "/model_deploy_execution_attack_for_pipeline/resources/models/age_googlenet.mnn"
#     ],
#     "models": null,
#     "iterations": 100,
#     "learning_rate": 5.0,
#     "l_inf_norm": 30.0,
#     "lr_decay_rate": 0.97,
#     "lr_decay_steps": 50,
#     "missing_hook_penalty": 10.0,
#     "margin": 0.05,
#     "population_size": 200,
#     "sigma": 0.6,
#     "enable_stagnation_decay": true,
#     "stagnation_patience": 20,
#     "min_loss_delta": 0.001,
#     "enable_fitness_shaping": true,
#     "adam_beta1": 0.9,
#     "adam_beta2": 0.999,
#     "adam_epsilon": 1e-08,
#     "enable_dynamic_focus": true,
#     "evaluation_window": 10,
#     "boost_weight": 12.0,
#     "non_target_weight": 1.0,
#     "satisfied_weight": 3.0,
#     "satisfaction_threshold": 0.01,
#     "satisfaction_patience": 3,
#     "raw_args_template": null,
#     "workers": 64,
#     "output_dir": "/model_deploy_execution_attack_for_pipeline/outputs/age_googlenet_mnn_attack_results/108532_attacked",
#     "model_paths": [
#         "/model_deploy_execution_attack_for_pipeline/resources/models/age_googlenet.mnn"
#     ]
# }
# -----------------------

iteration,total_queries,loss,best_loss,lr,is_successful_iter,num_satisfied_hooks,total_hooks,attack_mode,focus_targets,hook_details,iter_time_s,total_time_s
1,202,40.712586,inf,5.000000,False,1,6,scouting,"None","",5.84,6.42
2,403,40.664412,40.712586,5.000000,False,1,6,scouting,"None","",5.76,12.97
3,604,40.610699,40.664412,5.000000,False,1,6,scouting,"None","",5.88,19.64
4,805,40.556768,40.610699,5.000000,False,1,6,scouting,"None","",5.77,26.20
5,1006,40.504338,40.556768,5.000000,False,1,6,scouting,"None","",5.76,32.75
6,1207,40.454688,40.504338,5.000000,False,1,6,scouting,"None","",5.91,39.44
7,1408,40.408453,40.454688,5.000000,False,1,6,scouting,"None","",5.94,46.22
8,1609,40.365677,40.408453,5.000000,False,1,6,scouting,"None","",5.79,52.79
9,1810,40.327225,40.365677,5.000000,False,1,6,scouting,"None","",5.81,59.41
10,2011,40.293874,40.327225,5.000000,False,1,6,scouting,"None","",5.82,66.02
11,2212,43.165152,40.293874,5.000000,False,1,6,focused_fire,"0x233c","",5.83,72.65
12,2413,42.805182,40.293874,5.000000,False,1,6,focused_fire,"0x233c","",5.77,78.42
13,2614,42.472467,40.293874,5.000000,False,1,6,focused_fire,"0x233c","",5.83,84.25
14,2815,42.149226,40.293874,5.000000,False,1,6,focused_fire,"0x233c","",5.85,90.10
15,3016,41.828305,40.293874,5.000000,False,1,6,focused_fire,"0x233c","",5.85,95.96
16,3217,41.504171,40.293874,5.000000,False,1,6,focused_fire,"0x233c","",5.75,101.71
17,3418,41.189996,40.293874,5.000000,False,1,6,focused_fire,"0x233c","",5.80,107.51
18,3619,40.845435,40.293874,5.000000,False,1,6,focused_fire,"0x233c","",5.92,113.44
19,3820,30.519733,40.293874,5.000000,False,2,6,focused_fire,"0x233c","",5.76,119.20
20,4021,30.188785,30.519733,5.000000,False,2,6,focused_fire,"0x233c","",5.79,125.78
21,4222,30.007500,30.188785,5.000000,False,3,6,focused_fire,"0x233c","",5.82,132.39
22,4423,30.007500,30.007500,5.000000,False,3,6,focused_fire,"0x233c","",5.84,139.02
23,4624,30.007500,30.007500,5.000000,False,3,6,focused_fire,"0x233c","",5.84,144.87
24,4825,30.007500,30.007500,5.000000,False,3,6,scouting,"None","",5.76,150.62
25,5026,30.007500,30.007500,5.000000,False,3,6,scouting,"None","",5.79,156.42
26,5227,30.007500,30.007500,5.000000,False,3,6,scouting,"None","",5.79,162.21
27,5428,30.007500,30.007500,5.000000,False,3,6,scouting,"None","",5.87,168.09
28,5629,30.007500,30.007500,5.000000,False,3,6,scouting,"None","",5.87,173.95
29,5830,30.007500,30.007500,5.000000,False,3,6,scouting,"None","",5.92,179.87
30,6031,30.007500,30.007500,5.000000,False,3,6,scouting,"None","",5.79,185.66
31,6232,30.007500,30.007500,5.000000,False,3,6,scouting,"None","",5.76,191.42
32,6433,30.007500,30.007500,5.000000,False,3,6,scouting,"None","",5.98,197.41
33,6634,30.007500,30.007500,5.000000,False,3,6,scouting,"None","",6.01,203.42
34,6835,30.007500,30.007500,5.000000,False,3,6,scouting,"None","",5.97,209.40
35,7036,30.007500,30.007500,5.000000,False,3,6,scouting,"None","",5.92,215.32
36,7237,30.007500,30.007500,5.000000,False,3,6,scouting,"None","",5.88,221.21
37,7438,30.007500,30.007500,5.000000,False,3,6,scouting,"None","",5.78,226.99
38,7639,30.007500,30.007500,5.000000,False,3,6,scouting,"None","",5.86,232.86
39,7840,30.007500,30.007500,5.000000,False,3,6,scouting,"None","",5.84,238.70
40,8041,30.007500,30.007500,5.000000,False,3,6,scouting,"None","",5.86,244.57
41,8242,30.007500,30.007500,5.000000,False,3,6,scouting,"None","",5.87,250.44
42,8443,30.007500,30.007500,5.000000,False,3,6,scouting,"None","",5.86,256.31
43,8644,30.017801,30.007500,5.000000,False,3,6,scouting,"None","",5.96,262.27
44,8845,30.043280,30.007500,5.000000,False,2,6,scouting,"None","",5.85,268.12
45,9046,30.069953,30.007500,4.850000,False,2,6,scouting,"None","",5.89,274.02
46,9247,30.097034,30.007500,4.850000,False,2,6,scouting,"None","",5.83,279.85
47,9448,30.122081,30.007500,4.850000,False,2,6,scouting,"None","",5.83,285.68
48,9649,30.124753,30.007500,4.850000,False,2,6,scouting,"None","",6.03,291.72
49,9850,30.122259,30.007500,4.850000,False,2,6,scouting,"None","",6.24,297.96
50,10051,30.103521,30.007500,4.850000,False,2,6,scouting,"None","",6.08,304.05
51,10252,30.097319,30.007500,4.850000,False,2,6,scouting,"None","",5.92,309.97
52,10453,30.092074,30.007500,4.850000,False,2,6,scouting,"None","",5.86,315.83
53,10654,30.091836,30.007500,4.850000,False,2,6,scouting,"None","",5.82,321.66
54,10855,30.094177,30.007500,4.850000,False,2,6,scouting,"None","",5.86,327.52
55,11056,30.100702,30.007500,4.850000,False,2,6,scouting,"None","",5.86,333.39
56,11257,30.116487,30.007500,4.850000,False,2,6,scouting,"None","",5.84,339.23
57,11458,30.129762,30.007500,4.850000,False,2,6,scouting,"None","",5.77,345.01
58,11659,30.119211,30.007500,4.850000,False,2,6,scouting,"None","",5.87,350.88
59,11860,30.105018,30.007500,4.850000,False,2,6,scouting,"None","",5.81,356.69
60,12061,30.094160,30.007500,4.850000,False,2,6,scouting,"None","",6.05,362.74
61,12262,30.093647,30.007500,4.850000,False,2,6,scouting,"None","",6.34,369.08
62,12463,30.086322,30.007500,4.850000,False,2,6,scouting,"None","",6.27,375.35
63,12664,30.079536,30.007500,4.850000,False,2,6,scouting,"None","",6.38,381.73
64,12865,30.087124,30.007500,4.850000,False,2,6,scouting,"None","",6.25,387.98
65,13066,30.089672,30.007500,4.704500,False,2,6,scouting,"None","",6.22,394.20
66,13267,30.102582,30.007500,4.704500,False,2,6,scouting,"None","",6.31,400.52
67,13468,30.119789,30.007500,4.704500,False,2,6,scouting,"None","",5.91,406.44
68,13669,30.118119,30.007500,4.704500,False,2,6,scouting,"None","",6.01,412.45
69,13870,30.113627,30.007500,4.704500,False,2,6,scouting,"None","",5.94,418.39
70,14071,30.109847,30.007500,4.704500,False,2,6,scouting,"None","",6.02,424.42
71,14272,30.117749,30.007500,4.704500,False,2,6,scouting,"None","",6.04,430.46
72,14473,30.107559,30.007500,4.704500,False,2,6,scouting,"None","",6.14,436.60
73,14674,30.106698,30.007500,4.704500,False,2,6,scouting,"None","",6.33,442.93
74,14875,30.106810,30.007500,4.704500,False,2,6,scouting,"None","",6.06,449.00
75,15076,30.117192,30.007500,4.704500,False,2,6,scouting,"None","",6.17,455.17
76,15277,30.123935,30.007500,4.704500,False,2,6,scouting,"None","",6.39,461.56
77,15478,30.122712,30.007500,4.704500,False,2,6,scouting,"None","",6.23,467.79
78,15679,30.106328,30.007500,4.704500,False,2,6,scouting,"None","",6.17,473.97
79,15880,30.094816,30.007500,4.704500,False,2,6,scouting,"None","",6.16,480.13
80,16081,30.096778,30.007500,4.704500,False,2,6,scouting,"None","",6.15,486.28
81,16282,30.112263,30.007500,4.704500,False,2,6,scouting,"None","",5.89,492.17
82,16483,30.124590,30.007500,4.704500,False,2,6,scouting,"None","",5.79,497.96
83,16684,30.122324,30.007500,4.704500,False,2,6,scouting,"None","",5.81,503.78
84,16885,30.110268,30.007500,4.704500,False,2,6,scouting,"None","",5.96,509.75
85,17086,30.094978,30.007500,4.563365,False,2,6,scouting,"None","",5.79,515.54
86,17287,30.105472,30.007500,4.563365,False,2,6,scouting,"None","",5.89,521.43
87,17488,30.102774,30.007500,4.563365,False,2,6,scouting,"None","",5.84,527.27
88,17689,30.110260,30.007500,4.563365,False,2,6,scouting,"None","",5.89,533.17
89,17890,30.116309,30.007500,4.563365,False,2,6,scouting,"None","",5.85,539.02
90,18091,30.111884,30.007500,4.563365,False,2,6,scouting,"None","",5.99,545.01
91,18292,30.115094,30.007500,4.563365,False,2,6,scouting,"None","",5.87,550.88
92,18493,30.112258,30.007500,4.563365,False,2,6,scouting,"None","",5.83,556.71
93,18694,30.102991,30.007500,4.563365,False,2,6,scouting,"None","",5.91,562.63
94,18895,30.107601,30.007500,4.563365,False,2,6,scouting,"None","",5.82,568.45
95,19096,30.106754,30.007500,4.563365,False,2,6,scouting,"None","",5.86,574.32
96,19297,30.112063,30.007500,4.563365,False,2,6,scouting,"None","",5.78,580.10
97,19498,30.110127,30.007500,4.563365,False,2,6,scouting,"None","",6.07,586.17
98,19699,30.123790,30.007500,4.563365,False,2,6,scouting,"None","",6.11,592.28
99,19900,30.116857,30.007500,4.563365,False,2,6,scouting,"None","",6.01,598.30
100,20101,30.105375,30.007500,4.563365,False,2,6,scouting,"None","{"0x2318": {"loss": 10.0, "satisfied": false}, "0x2324": {"loss": 10.0, "satisfied": false}, "0x233c": {"loss": 0.032625, "satisfied": false}, "0x2348": {"loss": 10.0, "satisfied": false}, "0x2358": {"loss": 0.0025, "satisfied": true}, "0x2364": {"loss": 0.0, "satisfied": true}}",6.13,604.44
