# --- Attack Parameters ---
# {
#     "attack_type": "bandit",
#     "executable": "./resources/execution_files/liveness_Vit_mnn",
#     "image": "/model_deploy_execution_attack/resources/filtered_images/n003729-0174_01.jpg",
#     "hooks": "/model_deploy_execution_attack/hook_config/liveness_Vit_mnn_hook_config.json",
#     "model": null,
#     "models": "/model_deploy_execution_attack/resources/models/liveness_Vit.mnn",
#     "iterations": 150,
#     "l_inf_norm": 20.0,
#     "missing_hook_penalty": 10.0,
#     "margin": 0.001,
#     "enable_stagnation_decay": true,
#     "learning_rate": 20.0,
#     "lr_decay_rate": 0.97,
#     "lr_decay_steps": 50,
#     "stagnation_patience": 20,
#     "min_loss_delta": 0.001,
#     "enable_dynamic_focus": false,
#     "evaluation_window": 10,
#     "boost_weight": 10.0,
#     "non_target_weight": 1.0,
#     "satisfied_weight": 3.0,
#     "satisfaction_threshold": 0.01,
#     "satisfaction_patience": 3,
#     "raw_args_template": null,
#     "workers": 64,
#     "output_dir": "/model_deploy_execution_attack/attack_results/liveness_Vit_mnn_bandit_n003729-0174_01_20250911-082627",
#     "fd_eta": 0.1,
#     "prior_exploration": 0.1,
#     "prior_size": 32,
#     "prior_lr": 0.1,
#     "adam_beta1": 0.9,
#     "adam_beta2": 0.999,
#     "adam_epsilon": 1e-08,
#     "model_paths": [
#         "/model_deploy_execution_attack/resources/models/liveness_Vit.mnn"
#     ]
# }
# -----------------------

iteration,total_queries,loss,best_loss,lr,is_successful_iter,num_satisfied_hooks,total_hooks,attack_mode,focus_targets,hook_details,iter_time_s,total_time_s
1,4,0.369665,0.156626,20.000000,False,0,1,static,"N/A","",3.59,5.23
2,7,0.381902,0.156626,20.000000,False,0,1,static,"N/A","",3.57,8.82
3,10,0.379317,0.156626,20.000000,False,0,1,static,"N/A","",3.58,12.41
4,13,0.329867,0.156626,20.000000,False,0,1,static,"N/A","",3.56,15.98
5,16,0.297842,0.156626,20.000000,False,0,1,static,"N/A","",3.59,19.58
6,19,0.237970,0.156626,20.000000,False,0,1,static,"N/A","",3.62,23.21
7,22,0.233868,0.156626,20.000000,False,0,1,static,"N/A","",3.59,26.81
8,25,0.219695,0.156626,20.000000,False,0,1,static,"N/A","",3.59,30.42
9,28,0.225398,0.156626,20.000000,False,0,1,static,"N/A","",3.61,34.03
10,31,0.214104,0.156626,20.000000,False,0,1,static,"N/A","",3.58,37.63
11,34,0.221502,0.156626,20.000000,False,0,1,static,"N/A","",3.60,41.24
12,37,0.229735,0.156626,20.000000,False,0,1,static,"N/A","",3.59,44.84
13,40,0.246721,0.156626,20.000000,False,0,1,static,"N/A","",3.59,48.44
14,43,0.239827,0.156626,20.000000,False,0,1,static,"N/A","",3.59,52.05
15,46,0.242894,0.156626,20.000000,False,0,1,static,"N/A","",3.62,55.67
16,49,0.226532,0.156626,20.000000,False,0,1,static,"N/A","",3.57,59.26
17,52,0.228024,0.156626,20.000000,False,0,1,static,"N/A","",3.61,62.87
18,55,0.233378,0.156626,20.000000,False,0,1,static,"N/A","",3.58,66.46
19,58,0.222479,0.156626,20.000000,False,0,1,static,"N/A","",3.60,70.07
20,61,0.229347,0.156626,20.000000,False,0,1,static,"N/A","",3.58,73.67
21,64,0.242973,0.156626,20.000000,False,0,1,static,"N/A","",3.58,77.25
22,67,0.228482,0.156626,20.000000,False,0,1,static,"N/A","",3.59,80.85
23,70,0.214781,0.156626,20.000000,False,0,1,static,"N/A","",3.58,84.45
24,73,0.204466,0.156626,20.000000,False,0,1,static,"N/A","",3.57,88.03
25,76,0.195593,0.156626,20.000000,False,0,1,static,"N/A","",3.59,91.63
26,79,0.194757,0.156626,20.000000,False,0,1,static,"N/A","",3.60,95.25
27,82,0.183339,0.156626,20.000000,False,0,1,static,"N/A","",3.60,98.86
28,85,0.179139,0.156626,20.000000,False,0,1,static,"N/A","",3.57,102.44
29,88,0.181852,0.156626,20.000000,False,0,1,static,"N/A","",3.60,106.05
30,91,0.179178,0.156626,20.000000,False,0,1,static,"N/A","",3.58,109.64
31,94,0.191455,0.156626,20.000000,False,0,1,static,"N/A","",3.56,113.22
32,97,0.189278,0.156626,20.000000,False,0,1,static,"N/A","",3.57,116.80
33,100,0.215398,0.156626,20.000000,False,0,1,static,"N/A","",3.58,120.39
34,103,0.211218,0.156626,20.000000,False,0,1,static,"N/A","",3.58,123.98
35,106,0.220214,0.156626,20.000000,False,0,1,static,"N/A","",3.58,127.57
36,109,0.210697,0.156626,20.000000,False,0,1,static,"N/A","",3.55,131.14
37,112,0.204144,0.156626,20.000000,False,0,1,static,"N/A","",3.59,134.74
38,115,0.211286,0.156626,20.000000,False,0,1,static,"N/A","",3.58,138.33
39,118,0.200441,0.156626,20.000000,False,0,1,static,"N/A","",3.57,141.91
40,121,0.228902,0.156626,20.000000,False,0,1,static,"N/A","",3.60,145.52
41,124,0.227394,0.156626,20.000000,False,0,1,static,"N/A","",3.58,149.11
42,127,0.220674,0.156626,20.000000,False,0,1,static,"N/A","",3.57,152.69
43,130,0.207317,0.156626,20.000000,False,0,1,static,"N/A","",3.57,156.27
44,133,0.217757,0.156626,20.000000,False,0,1,static,"N/A","",3.57,159.85
45,136,0.229520,0.156626,20.000000,False,0,1,static,"N/A","",3.59,163.46
46,139,0.228440,0.156626,20.000000,False,0,1,static,"N/A","",3.58,167.05
47,142,0.215417,0.156626,20.000000,False,0,1,static,"N/A","",3.59,170.65
48,145,0.217400,0.156626,20.000000,False,0,1,static,"N/A","",3.57,174.24
49,148,0.220915,0.156626,19.400000,False,0,1,static,"N/A","",3.57,177.82
50,151,0.227461,0.156626,19.400000,False,0,1,static,"N/A","",3.56,181.40
51,154,0.234204,0.156626,19.400000,False,0,1,static,"N/A","",3.58,184.99
52,157,0.234576,0.156626,19.400000,False,0,1,static,"N/A","",3.57,188.57
53,160,0.235689,0.156626,19.400000,False,0,1,static,"N/A","",3.58,192.16
54,163,0.233607,0.156626,19.400000,False,0,1,static,"N/A","",3.58,195.75
55,166,0.228865,0.156626,19.400000,False,0,1,static,"N/A","",3.55,199.31
56,169,0.233126,0.156626,19.400000,False,0,1,static,"N/A","",3.59,202.92
57,172,0.243142,0.156626,19.400000,False,0,1,static,"N/A","",3.56,206.49
58,175,0.239015,0.156626,19.400000,False,0,1,static,"N/A","",3.59,210.09
59,178,0.226448,0.156626,19.400000,False,0,1,static,"N/A","",3.56,213.66
60,181,0.223343,0.156626,19.400000,False,0,1,static,"N/A","",3.61,217.28
61,184,0.231803,0.156626,19.400000,False,0,1,static,"N/A","",3.62,220.91
62,187,0.230656,0.156626,19.400000,False,0,1,static,"N/A","",3.61,224.53
63,190,0.216725,0.156626,19.400000,False,0,1,static,"N/A","",3.57,228.12
64,193,0.215107,0.156626,19.400000,False,0,1,static,"N/A","",3.59,231.73
65,196,0.216827,0.156626,19.400000,False,0,1,static,"N/A","",3.56,235.30
66,199,0.209926,0.156626,19.400000,False,0,1,static,"N/A","",3.61,238.92
67,202,0.221461,0.156626,19.400000,False,0,1,static,"N/A","",3.59,242.53
68,205,0.215574,0.156626,19.400000,False,0,1,static,"N/A","",3.58,246.11
69,208,0.214415,0.156626,18.818000,False,0,1,static,"N/A","",3.57,249.69
70,211,0.224599,0.156626,18.818000,False,0,1,static,"N/A","",3.58,253.29
71,214,0.224167,0.156626,18.818000,False,0,1,static,"N/A","",3.57,256.87
72,217,0.228251,0.156626,18.818000,False,0,1,static,"N/A","",3.59,260.47
73,220,0.238798,0.156626,18.818000,False,0,1,static,"N/A","",3.59,264.07
74,223,0.234500,0.156626,18.818000,False,0,1,static,"N/A","",3.60,267.68
75,226,0.220090,0.156626,18.818000,False,0,1,static,"N/A","",3.58,271.27
76,229,0.224777,0.156626,18.818000,False,0,1,static,"N/A","",3.59,274.88
77,232,0.222969,0.156626,18.818000,False,0,1,static,"N/A","",3.58,278.47
78,235,0.246361,0.156626,18.818000,False,0,1,static,"N/A","",3.56,282.05
79,238,0.232789,0.156626,18.818000,False,0,1,static,"N/A","",3.59,285.64
80,241,0.221480,0.156626,18.818000,False,0,1,static,"N/A","",3.57,289.23
81,244,0.213685,0.156626,18.818000,False,0,1,static,"N/A","",3.57,292.81
82,247,0.202828,0.156626,18.818000,False,0,1,static,"N/A","",3.58,296.41
83,250,0.218297,0.156626,18.818000,False,0,1,static,"N/A","",3.58,300.00
84,253,0.223731,0.156626,18.818000,False,0,1,static,"N/A","",3.56,303.57
85,256,0.220093,0.156626,18.818000,False,0,1,static,"N/A","",3.57,307.16
86,259,0.223164,0.156626,18.818000,False,0,1,static,"N/A","",3.58,310.75
87,262,0.214284,0.156626,18.818000,False,0,1,static,"N/A","",3.61,314.37
88,265,0.214802,0.156626,18.818000,False,0,1,static,"N/A","",3.61,318.00
89,268,0.197979,0.156626,18.253460,False,0,1,static,"N/A","",3.62,321.63
90,271,0.185524,0.156626,18.253460,False,0,1,static,"N/A","",3.60,325.24
91,274,0.179574,0.156626,18.253460,False,0,1,static,"N/A","",3.61,328.86
92,277,0.169596,0.156626,18.253460,False,0,1,static,"N/A","",3.60,332.48
93,280,0.168538,0.156626,18.253460,False,0,1,static,"N/A","",3.61,336.10
94,283,0.167966,0.156626,18.253460,False,0,1,static,"N/A","",3.60,339.71
95,286,0.172765,0.156626,18.253460,False,0,1,static,"N/A","",3.61,343.33
96,289,0.186163,0.156626,18.253460,False,0,1,static,"N/A","",3.60,346.95
97,292,0.181689,0.156626,18.253460,False,0,1,static,"N/A","",3.62,350.58
98,295,0.194385,0.156626,18.253460,False,0,1,static,"N/A","",3.59,354.18
99,298,0.209077,0.156626,18.253460,False,0,1,static,"N/A","",3.59,357.79
100,301,0.202855,0.156626,18.253460,False,0,1,static,"N/A","",3.63,361.43
101,304,0.205091,0.156626,18.253460,False,0,1,static,"N/A","",3.56,365.00
102,307,0.213005,0.156626,18.253460,False,0,1,static,"N/A","",3.58,368.60
103,310,0.207945,0.156626,18.253460,False,0,1,static,"N/A","",3.61,372.21
104,313,0.203644,0.156626,18.253460,False,0,1,static,"N/A","",3.58,375.80
105,316,0.202454,0.156626,18.253460,False,0,1,static,"N/A","",3.59,379.41
106,319,0.220467,0.156626,18.253460,False,0,1,static,"N/A","",3.60,383.02
107,322,0.217140,0.156626,18.253460,False,0,1,static,"N/A","",3.60,386.63
108,325,0.221154,0.156626,18.253460,False,0,1,static,"N/A","",3.61,390.25
109,328,0.245339,0.156626,18.253460,False,0,1,static,"N/A","",3.60,393.87
110,331,0.233078,0.156626,18.253460,False,0,1,static,"N/A","",3.64,397.52
111,334,0.246040,0.156626,18.253460,False,0,1,static,"N/A","",3.62,401.14
112,337,0.238660,0.156626,18.253460,False,0,1,static,"N/A","",3.64,404.80
113,340,0.241376,0.156626,18.253460,False,0,1,static,"N/A","",3.61,408.42
114,343,0.233875,0.156626,17.705856,False,0,1,static,"N/A","",3.60,412.02
115,346,0.227999,0.156626,17.705856,False,0,1,static,"N/A","",3.60,415.63
116,349,0.220647,0.156626,17.705856,False,0,1,static,"N/A","",3.59,419.24
117,352,0.214236,0.156626,17.705856,False,0,1,static,"N/A","",3.58,422.83
118,355,0.212560,0.156626,17.705856,False,0,1,static,"N/A","",3.60,426.45
119,358,0.217716,0.156626,17.705856,False,0,1,static,"N/A","",3.60,430.06
120,361,0.198444,0.156626,17.705856,False,0,1,static,"N/A","",3.61,433.68
121,364,0.207131,0.156626,17.705856,False,0,1,static,"N/A","",3.57,437.26
122,367,0.211212,0.156626,17.705856,False,0,1,static,"N/A","",3.59,440.86
123,370,0.209876,0.156626,17.705856,False,0,1,static,"N/A","",3.59,444.47
124,373,0.220425,0.156626,17.705856,False,0,1,static,"N/A","",3.59,448.07
125,376,0.217309,0.156626,17.705856,False,0,1,static,"N/A","",3.60,451.68
126,379,0.206560,0.156626,17.705856,False,0,1,static,"N/A","",3.60,455.29
127,382,0.196179,0.156626,17.705856,False,0,1,static,"N/A","",3.59,458.89
128,385,0.199092,0.156626,17.705856,False,0,1,static,"N/A","",3.60,462.50
129,388,0.196824,0.156626,17.705856,False,0,1,static,"N/A","",3.57,466.08
130,391,0.196750,0.156626,17.705856,False,0,1,static,"N/A","",3.62,469.71
131,394,0.209958,0.156626,17.705856,False,0,1,static,"N/A","",3.57,473.30
132,397,0.218609,0.156626,17.705856,False,0,1,static,"N/A","",3.61,476.92
133,400,0.226698,0.156626,17.705856,False,0,1,static,"N/A","",3.58,480.50
134,403,0.223039,0.156626,17.174681,False,0,1,static,"N/A","",3.56,484.08
135,406,0.220184,0.156626,17.174681,False,0,1,static,"N/A","",3.56,487.65
136,409,0.221493,0.156626,17.174681,False,0,1,static,"N/A","",3.58,491.24
137,412,0.212558,0.156626,17.174681,False,0,1,static,"N/A","",3.59,494.84
138,415,0.208123,0.156626,17.174681,False,0,1,static,"N/A","",3.56,498.42
139,418,0.205886,0.156626,17.174681,False,0,1,static,"N/A","",3.59,502.01
140,421,0.215929,0.156626,17.174681,False,0,1,static,"N/A","",3.57,505.60
141,424,0.213811,0.156626,17.174681,False,0,1,static,"N/A","",3.58,509.19
142,427,0.227825,0.156626,17.174681,False,0,1,static,"N/A","",3.60,512.80
143,430,0.223279,0.156626,17.174681,False,0,1,static,"N/A","",3.60,516.41
144,433,0.218385,0.156626,17.174681,False,0,1,static,"N/A","",3.60,520.02
145,436,0.218264,0.156626,17.174681,False,0,1,static,"N/A","",3.58,523.61
146,439,0.218269,0.156626,17.174681,False,0,1,static,"N/A","",3.57,527.19
147,442,0.217874,0.156626,17.174681,False,0,1,static,"N/A","",3.59,530.79
148,445,0.212277,0.156626,17.174681,False,0,1,static,"N/A","",3.57,534.37
149,448,0.205624,0.156626,17.174681,False,0,1,static,"N/A","",3.57,537.95
150,451,0.189552,0.156626,17.174681,False,0,1,static,"N/A","{"0x2d1c": {"loss": 0.189552, "satisfied": false}}",3.59,541.55
