# --- Attack Parameters ---
# {
#     "attack_type": "bandit",
#     "executable": "./resources/execution_files/liveness_Vit_mnn",
#     "image": "/model_deploy_execution_attack/resources/filtered_images/n004301-0430_01.jpg",
#     "hooks": "/model_deploy_execution_attack/hook_config/liveness_Vit_mnn_hook_config.json",
#     "model": null,
#     "models": "/model_deploy_execution_attack/resources/models/liveness_Vit.mnn",
#     "iterations": 150,
#     "l_inf_norm": 20.0,
#     "missing_hook_penalty": 10.0,
#     "margin": 0.001,
#     "enable_stagnation_decay": true,
#     "learning_rate": 20.0,
#     "lr_decay_rate": 0.97,
#     "lr_decay_steps": 50,
#     "stagnation_patience": 20,
#     "min_loss_delta": 0.001,
#     "enable_dynamic_focus": false,
#     "evaluation_window": 10,
#     "boost_weight": 10.0,
#     "non_target_weight": 1.0,
#     "satisfied_weight": 3.0,
#     "satisfaction_threshold": 0.01,
#     "satisfaction_patience": 3,
#     "raw_args_template": null,
#     "workers": 64,
#     "output_dir": "/model_deploy_execution_attack/attack_results/liveness_Vit_mnn_bandit_n004301-0430_01_20250911-101457",
#     "fd_eta": 0.1,
#     "prior_exploration": 0.1,
#     "prior_size": 32,
#     "prior_lr": 0.1,
#     "adam_beta1": 0.9,
#     "adam_beta2": 0.999,
#     "adam_epsilon": 1e-08,
#     "model_paths": [
#         "/model_deploy_execution_attack/resources/models/liveness_Vit.mnn"
#     ]
# }
# -----------------------

iteration,total_queries,loss,best_loss,lr,is_successful_iter,num_satisfied_hooks,total_hooks,attack_mode,focus_targets,hook_details,iter_time_s,total_time_s
1,4,0.410681,0.059410,20.000000,False,0,1,static,"N/A","",3.61,5.27
2,7,0.331045,0.059410,20.000000,False,0,1,static,"N/A","",3.60,8.88
3,10,0.269772,0.059410,20.000000,False,0,1,static,"N/A","",3.63,12.52
4,13,0.268310,0.059410,20.000000,False,0,1,static,"N/A","",3.62,16.15
5,16,0.237734,0.059410,20.000000,False,0,1,static,"N/A","",3.60,19.77
6,19,0.233184,0.059410,20.000000,False,0,1,static,"N/A","",3.63,23.41
7,22,0.215024,0.059410,20.000000,False,0,1,static,"N/A","",3.59,27.01
8,25,0.220549,0.059410,20.000000,False,0,1,static,"N/A","",3.61,30.63
9,28,0.203080,0.059410,20.000000,False,0,1,static,"N/A","",3.61,34.25
10,31,0.214058,0.059410,20.000000,False,0,1,static,"N/A","",3.60,37.86
11,34,0.197984,0.059410,20.000000,False,0,1,static,"N/A","",3.61,41.48
12,37,0.197880,0.059410,20.000000,False,0,1,static,"N/A","",3.61,45.10
13,40,0.207987,0.059410,20.000000,False,0,1,static,"N/A","",3.60,48.71
14,43,0.210403,0.059410,20.000000,False,0,1,static,"N/A","",3.60,52.32
15,46,0.211357,0.059410,20.000000,False,0,1,static,"N/A","",3.57,55.91
16,49,0.198906,0.059410,20.000000,False,0,1,static,"N/A","",3.58,59.50
17,52,0.191066,0.059410,20.000000,False,0,1,static,"N/A","",3.59,63.10
18,55,0.183940,0.059410,20.000000,False,0,1,static,"N/A","",3.60,66.71
19,58,0.183713,0.059410,20.000000,False,0,1,static,"N/A","",3.61,70.33
20,61,0.193065,0.059410,20.000000,False,0,1,static,"N/A","",3.62,73.96
21,64,0.187619,0.059410,20.000000,False,0,1,static,"N/A","",3.59,77.55
22,67,0.199705,0.059410,20.000000,False,0,1,static,"N/A","",3.59,81.16
23,70,0.178002,0.059410,20.000000,False,0,1,static,"N/A","",3.59,84.76
24,73,0.190158,0.059410,20.000000,False,0,1,static,"N/A","",3.59,88.37
25,76,0.186500,0.059410,20.000000,False,0,1,static,"N/A","",3.59,91.97
26,79,0.176342,0.059410,20.000000,False,0,1,static,"N/A","",3.58,95.57
27,82,0.168427,0.059410,20.000000,False,0,1,static,"N/A","",3.60,99.18
28,85,0.155390,0.059410,20.000000,False,0,1,static,"N/A","",3.61,102.80
29,88,0.164681,0.059410,20.000000,False,0,1,static,"N/A","",3.58,106.40
30,91,0.184313,0.059410,20.000000,False,0,1,static,"N/A","",3.59,110.00
31,94,0.181721,0.059410,20.000000,False,0,1,static,"N/A","",3.57,113.58
32,97,0.187953,0.059410,20.000000,False,0,1,static,"N/A","",3.57,117.16
33,100,0.180342,0.059410,20.000000,False,0,1,static,"N/A","",3.59,120.76
34,103,0.179537,0.059410,20.000000,False,0,1,static,"N/A","",3.57,124.35
35,106,0.172843,0.059410,20.000000,False,0,1,static,"N/A","",3.57,127.93
36,109,0.158368,0.059410,20.000000,False,0,1,static,"N/A","",3.57,131.52
37,112,0.157676,0.059410,20.000000,False,0,1,static,"N/A","",3.60,135.13
38,115,0.149725,0.059410,20.000000,False,0,1,static,"N/A","",3.60,138.74
39,118,0.161005,0.059410,20.000000,False,0,1,static,"N/A","",3.58,142.33
40,121,0.154756,0.059410,20.000000,False,0,1,static,"N/A","",3.60,145.95
41,124,0.153536,0.059410,20.000000,False,0,1,static,"N/A","",3.57,149.53
42,127,0.156480,0.059410,20.000000,False,0,1,static,"N/A","",3.57,153.11
43,130,0.179530,0.059410,20.000000,False,0,1,static,"N/A","",3.60,156.72
44,133,0.163492,0.059410,20.000000,False,0,1,static,"N/A","",3.58,160.31
45,136,0.169953,0.059410,20.000000,False,0,1,static,"N/A","",3.62,163.94
46,139,0.170976,0.059410,20.000000,False,0,1,static,"N/A","",3.58,167.53
47,142,0.160502,0.059410,20.000000,False,0,1,static,"N/A","",3.57,171.11
48,145,0.180060,0.059410,20.000000,False,0,1,static,"N/A","",3.60,174.72
49,148,0.184191,0.059410,20.000000,False,0,1,static,"N/A","",3.58,178.31
50,151,0.178725,0.059410,20.000000,False,0,1,static,"N/A","",3.59,181.91
51,154,0.169741,0.059410,19.400000,False,0,1,static,"N/A","",3.57,185.49
52,157,0.169005,0.059410,19.400000,False,0,1,static,"N/A","",3.57,189.07
53,160,0.166122,0.059410,19.400000,False,0,1,static,"N/A","",3.57,192.66
54,163,0.157192,0.059410,19.400000,False,0,1,static,"N/A","",3.58,196.26
55,166,0.169147,0.059410,19.400000,False,0,1,static,"N/A","",3.58,199.85
56,169,0.169456,0.059410,19.400000,False,0,1,static,"N/A","",3.57,203.43
57,172,0.172517,0.059410,19.400000,False,0,1,static,"N/A","",3.57,207.02
58,175,0.178967,0.059410,19.400000,False,0,1,static,"N/A","",3.59,210.62
59,178,0.178797,0.059410,19.400000,False,0,1,static,"N/A","",3.59,214.23
60,181,0.178976,0.059410,19.400000,False,0,1,static,"N/A","",3.58,217.82
61,184,0.173648,0.059410,19.400000,False,0,1,static,"N/A","",3.60,221.43
62,187,0.179990,0.059410,19.400000,False,0,1,static,"N/A","",3.59,225.03
63,190,0.185920,0.059410,19.400000,False,0,1,static,"N/A","",3.60,228.65
64,193,0.180950,0.059410,19.400000,False,0,1,static,"N/A","",3.60,232.26
65,196,0.188459,0.059410,19.400000,False,0,1,static,"N/A","",3.63,235.90
66,199,0.179227,0.059410,19.400000,False,0,1,static,"N/A","",3.61,239.53
67,202,0.179142,0.059410,19.400000,False,0,1,static,"N/A","",3.61,243.15
68,205,0.174407,0.059410,19.400000,False,0,1,static,"N/A","",3.62,246.78
69,208,0.187546,0.059410,19.400000,False,0,1,static,"N/A","",3.58,250.38
70,211,0.183771,0.059410,19.400000,False,0,1,static,"N/A","",3.60,253.99
71,214,0.186877,0.059410,18.818000,False,0,1,static,"N/A","",3.59,257.60
72,217,0.194782,0.059410,18.818000,False,0,1,static,"N/A","",3.60,261.21
73,220,0.184091,0.059410,18.818000,False,0,1,static,"N/A","",3.60,264.83
74,223,0.189624,0.059410,18.818000,False,0,1,static,"N/A","",3.61,268.45
75,226,0.180122,0.059410,18.818000,False,0,1,static,"N/A","",3.59,272.05
76,229,0.175493,0.059410,18.818000,False,0,1,static,"N/A","",3.58,275.64
77,232,0.172044,0.059410,18.818000,False,0,1,static,"N/A","",3.57,279.23
78,235,0.182292,0.059410,18.818000,False,0,1,static,"N/A","",3.57,282.81
79,238,0.173507,0.059410,18.818000,False,0,1,static,"N/A","",3.60,286.42
80,241,0.190051,0.059410,18.818000,False,0,1,static,"N/A","",3.60,290.03
81,244,0.184964,0.059410,18.818000,False,0,1,static,"N/A","",3.60,293.65
82,247,0.192806,0.059410,18.818000,False,0,1,static,"N/A","",3.61,297.27
83,250,0.195761,0.059410,18.818000,False,0,1,static,"N/A","",3.58,300.87
84,253,0.185937,0.059410,18.818000,False,0,1,static,"N/A","",3.58,304.46
85,256,0.193387,0.059410,18.818000,False,0,1,static,"N/A","",3.58,308.05
86,259,0.188450,0.059410,18.818000,False,0,1,static,"N/A","",3.59,311.65
87,262,0.177763,0.059410,18.818000,False,0,1,static,"N/A","",3.58,315.24
88,265,0.180087,0.059410,18.818000,False,0,1,static,"N/A","",3.58,318.84
89,268,0.193995,0.059410,18.818000,False,0,1,static,"N/A","",3.56,322.41
90,271,0.187867,0.059410,18.818000,False,0,1,static,"N/A","",3.60,326.02
91,274,0.180556,0.059410,18.253460,False,0,1,static,"N/A","",3.57,329.61
92,277,0.164333,0.059410,18.253460,False,0,1,static,"N/A","",3.58,333.19
93,280,0.172114,0.059410,18.253460,False,0,1,static,"N/A","",3.59,336.80
94,283,0.173820,0.059410,18.253460,False,0,1,static,"N/A","",3.59,340.39
95,286,0.147775,0.059410,18.253460,False,0,1,static,"N/A","",3.58,343.99
96,289,0.152793,0.059410,18.253460,False,0,1,static,"N/A","",3.57,347.57
97,292,0.162681,0.059410,18.253460,False,0,1,static,"N/A","",3.57,351.16
98,295,0.161126,0.059410,18.253460,False,0,1,static,"N/A","",3.58,354.75
99,298,0.159555,0.059410,18.253460,False,0,1,static,"N/A","",3.58,358.34
100,301,0.153124,0.059410,18.253460,False,0,1,static,"N/A","",3.58,361.93
101,304,0.159607,0.059410,18.253460,False,0,1,static,"N/A","",3.60,365.54
102,307,0.160562,0.059410,18.253460,False,0,1,static,"N/A","",3.58,369.13
103,310,0.153535,0.059410,18.253460,False,0,1,static,"N/A","",3.59,372.73
104,313,0.151456,0.059410,18.253460,False,0,1,static,"N/A","",3.58,376.32
105,316,0.156416,0.059410,18.253460,False,0,1,static,"N/A","",3.58,379.91
106,319,0.163438,0.059410,18.253460,False,0,1,static,"N/A","",3.59,383.51
107,322,0.173732,0.059410,18.253460,False,0,1,static,"N/A","",3.57,387.10
108,325,0.176573,0.059410,18.253460,False,0,1,static,"N/A","",3.56,390.67
109,328,0.178571,0.059410,18.253460,False,0,1,static,"N/A","",3.56,394.24
110,331,0.172845,0.059410,18.253460,False,0,1,static,"N/A","",3.59,397.84
111,334,0.183377,0.059410,18.253460,False,0,1,static,"N/A","",3.58,401.43
112,337,0.181228,0.059410,18.253460,False,0,1,static,"N/A","",3.57,405.02
113,340,0.156806,0.059410,18.253460,False,0,1,static,"N/A","",3.61,408.64
114,343,0.158924,0.059410,18.253460,False,0,1,static,"N/A","",3.58,412.24
115,346,0.164589,0.059410,18.253460,False,0,1,static,"N/A","",3.60,415.85
116,349,0.166287,0.059410,17.705856,False,0,1,static,"N/A","",3.59,419.45
117,352,0.169163,0.059410,17.705856,False,0,1,static,"N/A","",3.60,423.06
118,355,0.166046,0.059410,17.705856,False,0,1,static,"N/A","",3.59,426.66
119,358,0.178994,0.059410,17.705856,False,0,1,static,"N/A","",3.58,430.25
120,361,0.176920,0.059410,17.705856,False,0,1,static,"N/A","",3.58,433.85
121,364,0.170092,0.059410,17.705856,False,0,1,static,"N/A","",3.57,437.43
122,367,0.165600,0.059410,17.705856,False,0,1,static,"N/A","",3.57,441.02
123,370,0.170036,0.059410,17.705856,False,0,1,static,"N/A","",3.57,444.61
124,373,0.162850,0.059410,17.705856,False,0,1,static,"N/A","",3.57,448.19
125,376,0.168914,0.059410,17.705856,False,0,1,static,"N/A","",3.58,451.79
126,379,0.161890,0.059410,17.705856,False,0,1,static,"N/A","",3.59,455.39
127,382,0.173402,0.059410,17.705856,False,0,1,static,"N/A","",3.59,458.99
128,385,0.168715,0.059410,17.705856,False,0,1,static,"N/A","",3.59,462.59
129,388,0.167417,0.059410,17.705856,False,0,1,static,"N/A","",3.59,466.19
130,391,0.174809,0.059410,17.705856,False,0,1,static,"N/A","",3.59,469.79
131,394,0.180256,0.059410,17.705856,False,0,1,static,"N/A","",3.59,473.39
132,397,0.175862,0.059410,17.705856,False,0,1,static,"N/A","",3.57,476.98
133,400,0.184894,0.059410,17.705856,False,0,1,static,"N/A","",3.60,480.60
134,403,0.191916,0.059410,17.705856,False,0,1,static,"N/A","",3.60,484.21
135,406,0.194915,0.059410,17.705856,False,0,1,static,"N/A","",3.59,487.81
136,409,0.192476,0.059410,17.174681,False,0,1,static,"N/A","",3.60,491.43
137,412,0.177758,0.059410,17.174681,False,0,1,static,"N/A","",3.62,495.06
138,415,0.184120,0.059410,17.174681,False,0,1,static,"N/A","",3.61,498.68
139,418,0.173766,0.059410,17.174681,False,0,1,static,"N/A","",3.58,502.27
140,421,0.168011,0.059410,17.174681,False,0,1,static,"N/A","",3.59,505.87
141,424,0.168028,0.059410,17.174681,False,0,1,static,"N/A","",3.58,509.47
142,427,0.154303,0.059410,17.174681,False,0,1,static,"N/A","",3.58,513.06
143,430,0.168493,0.059410,17.174681,False,0,1,static,"N/A","",3.61,516.68
144,433,0.151930,0.059410,17.174681,False,0,1,static,"N/A","",3.59,520.29
145,436,0.152799,0.059410,17.174681,False,0,1,static,"N/A","",3.58,523.88
146,439,0.151674,0.059410,17.174681,False,0,1,static,"N/A","",3.59,527.49
147,442,0.144931,0.059410,17.174681,False,0,1,static,"N/A","",3.58,531.08
148,445,0.140635,0.059410,17.174681,False,0,1,static,"N/A","",3.57,534.66
149,448,0.136902,0.059410,17.174681,False,0,1,static,"N/A","",3.57,538.25
150,451,0.126423,0.059410,17.174681,False,0,1,static,"N/A","{"0x2d1c": {"loss": 0.126423, "satisfied": false}}",3.59,541.84
