# --- Attack Parameters ---
# {
#     "attack_type": "bandit",
#     "executable": "./resources/execution_files/liveness_Vit_mnn",
#     "image": "/model_deploy_execution_attack/resources/filtered_images/n005476-0244_01.jpg",
#     "hooks": "/model_deploy_execution_attack/hook_config/liveness_Vit_mnn_hook_config.json",
#     "model": null,
#     "models": "/model_deploy_execution_attack/resources/models/liveness_Vit.mnn",
#     "iterations": 150,
#     "l_inf_norm": 20.0,
#     "missing_hook_penalty": 10.0,
#     "margin": 0.001,
#     "enable_stagnation_decay": true,
#     "learning_rate": 20.0,
#     "lr_decay_rate": 0.97,
#     "lr_decay_steps": 50,
#     "stagnation_patience": 20,
#     "min_loss_delta": 0.001,
#     "enable_dynamic_focus": false,
#     "evaluation_window": 10,
#     "boost_weight": 10.0,
#     "non_target_weight": 1.0,
#     "satisfied_weight": 3.0,
#     "satisfaction_threshold": 0.01,
#     "satisfaction_patience": 3,
#     "raw_args_template": null,
#     "workers": 64,
#     "output_dir": "/model_deploy_execution_attack/attack_results/liveness_Vit_mnn_bandit_n005476-0244_01_20250911-124843",
#     "fd_eta": 0.1,
#     "prior_exploration": 0.1,
#     "prior_size": 32,
#     "prior_lr": 0.1,
#     "adam_beta1": 0.9,
#     "adam_beta2": 0.999,
#     "adam_epsilon": 1e-08,
#     "model_paths": [
#         "/model_deploy_execution_attack/resources/models/liveness_Vit.mnn"
#     ]
# }
# -----------------------

iteration,total_queries,loss,best_loss,lr,is_successful_iter,num_satisfied_hooks,total_hooks,attack_mode,focus_targets,hook_details,iter_time_s,total_time_s
1,4,0.470533,0.011356,20.000000,False,0,1,static,"N/A","",3.58,5.21
2,7,0.453538,0.011356,20.000000,False,0,1,static,"N/A","",3.58,8.80
3,10,0.386483,0.011356,20.000000,False,0,1,static,"N/A","",3.57,12.39
4,13,0.364122,0.011356,20.000000,False,0,1,static,"N/A","",3.57,15.97
5,16,0.321010,0.011356,20.000000,False,0,1,static,"N/A","",3.58,19.56
6,19,0.313985,0.011356,20.000000,False,0,1,static,"N/A","",3.58,23.14
7,22,0.261164,0.011356,20.000000,False,0,1,static,"N/A","",3.57,26.73
8,25,0.268557,0.011356,20.000000,False,0,1,static,"N/A","",3.57,30.31
9,28,0.254688,0.011356,20.000000,False,0,1,static,"N/A","",3.59,33.91
10,31,0.251201,0.011356,20.000000,False,0,1,static,"N/A","",3.58,37.50
11,34,0.234481,0.011356,20.000000,False,0,1,static,"N/A","",3.57,41.08
12,37,0.217723,0.011356,20.000000,False,0,1,static,"N/A","",3.56,44.65
13,40,0.179503,0.011356,20.000000,False,0,1,static,"N/A","",3.56,48.22
14,43,0.176631,0.011356,20.000000,False,0,1,static,"N/A","",3.58,51.82
15,46,0.200302,0.011356,20.000000,False,0,1,static,"N/A","",3.58,55.41
16,49,0.207300,0.011356,20.000000,False,0,1,static,"N/A","",3.59,59.00
17,52,0.217427,0.011356,20.000000,False,0,1,static,"N/A","",3.56,62.58
18,55,0.181924,0.011356,20.000000,False,0,1,static,"N/A","",3.55,66.14
19,58,0.181869,0.011356,20.000000,False,0,1,static,"N/A","",3.56,69.71
20,61,0.169674,0.011356,20.000000,False,0,1,static,"N/A","",3.56,73.28
21,64,0.146030,0.011356,20.000000,False,0,1,static,"N/A","",3.60,76.90
22,67,0.146587,0.011356,20.000000,False,0,1,static,"N/A","",3.58,80.49
23,70,0.149476,0.011356,20.000000,False,0,1,static,"N/A","",3.57,84.07
24,73,0.137646,0.011356,20.000000,False,0,1,static,"N/A","",3.59,87.67
25,76,0.135772,0.011356,20.000000,False,0,1,static,"N/A","",3.57,91.25
26,79,0.132253,0.011356,20.000000,False,0,1,static,"N/A","",3.58,94.84
27,82,0.141045,0.011356,20.000000,False,0,1,static,"N/A","",3.57,98.42
28,85,0.137136,0.011356,20.000000,False,0,1,static,"N/A","",3.63,102.06
29,88,0.158516,0.011356,20.000000,False,0,1,static,"N/A","",3.80,105.88
30,91,0.163824,0.011356,20.000000,False,0,1,static,"N/A","",3.55,109.44
31,94,0.167933,0.011356,20.000000,False,0,1,static,"N/A","",3.56,113.01
32,97,0.179830,0.011356,20.000000,False,0,1,static,"N/A","",3.61,116.63
33,100,0.181043,0.011356,20.000000,False,0,1,static,"N/A","",3.60,120.24
34,103,0.183414,0.011356,20.000000,False,0,1,static,"N/A","",3.58,123.84
35,106,0.187157,0.011356,20.000000,False,0,1,static,"N/A","",3.60,127.45
36,109,0.180043,0.011356,20.000000,False,0,1,static,"N/A","",3.59,131.05
37,112,0.166776,0.011356,20.000000,False,0,1,static,"N/A","",3.60,134.67
38,115,0.170626,0.011356,20.000000,False,0,1,static,"N/A","",3.61,138.29
39,118,0.168097,0.011356,20.000000,False,0,1,static,"N/A","",3.62,141.93
40,121,0.165116,0.011356,20.000000,False,0,1,static,"N/A","",3.60,145.54
41,124,0.164033,0.011356,20.000000,False,0,1,static,"N/A","",3.58,149.13
42,127,0.151198,0.011356,20.000000,False,0,1,static,"N/A","",3.62,152.77
43,130,0.162867,0.011356,20.000000,False,0,1,static,"N/A","",3.60,156.38
44,133,0.165731,0.011356,20.000000,False,0,1,static,"N/A","",3.62,160.01
45,136,0.191880,0.011356,20.000000,False,0,1,static,"N/A","",3.60,163.63
46,139,0.183306,0.011356,20.000000,False,0,1,static,"N/A","",3.58,167.22
47,142,0.179278,0.011356,19.400000,False,0,1,static,"N/A","",3.62,170.85
48,145,0.185630,0.011356,19.400000,False,0,1,static,"N/A","",3.58,174.44
49,148,0.183268,0.011356,19.400000,False,0,1,static,"N/A","",3.60,178.06
50,151,0.194638,0.011356,19.400000,False,0,1,static,"N/A","",3.59,181.66
51,154,0.196086,0.011356,19.400000,False,0,1,static,"N/A","",3.59,185.26
52,157,0.174796,0.011356,19.400000,False,0,1,static,"N/A","",3.59,188.87
53,160,0.171838,0.011356,19.400000,False,0,1,static,"N/A","",3.58,192.46
54,163,0.145669,0.011356,19.400000,False,0,1,static,"N/A","",3.59,196.06
55,166,0.175516,0.011356,19.400000,False,0,1,static,"N/A","",3.57,199.65
56,169,0.171208,0.011356,19.400000,False,0,1,static,"N/A","",3.60,203.27
57,172,0.169187,0.011356,19.400000,False,0,1,static,"N/A","",3.60,206.88
58,175,0.153396,0.011356,19.400000,False,0,1,static,"N/A","",3.58,210.46
59,178,0.156402,0.011356,19.400000,False,0,1,static,"N/A","",3.61,214.09
60,181,0.166809,0.011356,19.400000,False,0,1,static,"N/A","",3.60,217.70
61,184,0.169666,0.011356,19.400000,False,0,1,static,"N/A","",3.59,221.30
62,187,0.164262,0.011356,19.400000,False,0,1,static,"N/A","",3.59,224.90
63,190,0.172069,0.011356,19.400000,False,0,1,static,"N/A","",3.57,228.48
64,193,0.176721,0.011356,19.400000,False,0,1,static,"N/A","",3.56,232.05
65,196,0.176689,0.011356,19.400000,False,0,1,static,"N/A","",3.56,235.62
66,199,0.174058,0.011356,19.400000,False,0,1,static,"N/A","",3.57,239.20
67,202,0.181954,0.011356,18.818000,False,0,1,static,"N/A","",3.57,242.78
68,205,0.166098,0.011356,18.818000,False,0,1,static,"N/A","",3.58,246.37
69,208,0.154089,0.011356,18.818000,False,0,1,static,"N/A","",3.59,249.97
70,211,0.138586,0.011356,18.818000,False,0,1,static,"N/A","",3.60,253.58
71,214,0.145096,0.011356,18.818000,False,0,1,static,"N/A","",3.57,257.16
72,217,0.145712,0.011356,18.818000,False,0,1,static,"N/A","",3.57,260.74
73,220,0.148956,0.011356,18.818000,False,0,1,static,"N/A","",3.58,264.33
74,223,0.159169,0.011356,18.818000,False,0,1,static,"N/A","",3.61,267.94
75,226,0.143483,0.011356,18.818000,False,0,1,static,"N/A","",3.58,271.54
76,229,0.124501,0.011356,18.818000,False,0,1,static,"N/A","",3.58,275.13
77,232,0.143775,0.011356,18.818000,False,0,1,static,"N/A","",3.59,278.73
78,235,0.158916,0.011356,18.818000,False,0,1,static,"N/A","",3.60,282.34
79,238,0.156740,0.011356,18.818000,False,0,1,static,"N/A","",3.61,285.97
80,241,0.166536,0.011356,18.818000,False,0,1,static,"N/A","",3.58,289.56
81,244,0.150698,0.011356,18.818000,False,0,1,static,"N/A","",3.60,293.17
82,247,0.157320,0.011356,18.818000,False,0,1,static,"N/A","",3.59,296.78
83,250,0.145807,0.011356,18.818000,False,0,1,static,"N/A","",3.59,300.37
84,253,0.138959,0.011356,18.818000,False,0,1,static,"N/A","",3.59,303.97
85,256,0.137020,0.011356,18.818000,False,0,1,static,"N/A","",3.60,307.58
86,259,0.136355,0.011356,18.818000,False,0,1,static,"N/A","",3.60,311.20
87,262,0.134454,0.011356,18.818000,False,0,1,static,"N/A","",3.59,314.80
88,265,0.144530,0.011356,18.818000,False,0,1,static,"N/A","",3.60,318.41
89,268,0.149917,0.011356,18.818000,False,0,1,static,"N/A","",3.57,321.99
90,271,0.157386,0.011356,18.818000,False,0,1,static,"N/A","",3.59,325.59
91,274,0.155239,0.011356,18.818000,False,0,1,static,"N/A","",3.57,329.18
92,277,0.143430,0.011356,18.818000,False,0,1,static,"N/A","",3.57,332.76
93,280,0.141914,0.011356,18.818000,False,0,1,static,"N/A","",3.59,336.36
94,283,0.156762,0.011356,18.818000,False,0,1,static,"N/A","",3.59,339.97
95,286,0.156106,0.011356,18.818000,False,0,1,static,"N/A","",3.57,343.55
96,289,0.168868,0.011356,18.818000,False,0,1,static,"N/A","",3.57,347.13
97,292,0.185733,0.011356,18.253460,False,0,1,static,"N/A","",3.58,350.71
98,295,0.188941,0.011356,18.253460,False,0,1,static,"N/A","",3.57,354.29
99,298,0.193863,0.011356,18.253460,False,0,1,static,"N/A","",3.57,357.88
100,301,0.172582,0.011356,18.253460,False,0,1,static,"N/A","",3.59,361.47
101,304,0.157932,0.011356,18.253460,False,0,1,static,"N/A","",3.61,365.09
102,307,0.144879,0.011356,18.253460,False,0,1,static,"N/A","",3.60,368.70
103,310,0.153554,0.011356,18.253460,False,0,1,static,"N/A","",3.59,372.31
104,313,0.137519,0.011356,18.253460,False,0,1,static,"N/A","",3.59,375.91
105,316,0.146820,0.011356,18.253460,False,0,1,static,"N/A","",3.59,379.51
106,319,0.137669,0.011356,18.253460,False,0,1,static,"N/A","",3.60,383.12
107,322,0.157537,0.011356,18.253460,False,0,1,static,"N/A","",3.57,386.70
108,325,0.153587,0.011356,18.253460,False,0,1,static,"N/A","",3.57,390.28
109,328,0.166383,0.011356,18.253460,False,0,1,static,"N/A","",3.61,393.90
110,331,0.157943,0.011356,18.253460,False,0,1,static,"N/A","",3.60,397.51
111,334,0.147094,0.011356,18.253460,False,0,1,static,"N/A","",3.60,401.12
112,337,0.132685,0.011356,18.253460,False,0,1,static,"N/A","",3.59,404.73
113,340,0.145374,0.011356,18.253460,False,0,1,static,"N/A","",3.60,408.34
114,343,0.152529,0.011356,18.253460,False,0,1,static,"N/A","",3.60,411.95
115,346,0.157858,0.011356,18.253460,False,0,1,static,"N/A","",3.59,415.55
116,349,0.170439,0.011356,18.253460,False,0,1,static,"N/A","",3.58,419.14
117,352,0.163317,0.011356,17.705856,False,0,1,static,"N/A","",3.61,422.76
118,355,0.165853,0.011356,17.705856,False,0,1,static,"N/A","",3.59,426.36
119,358,0.164198,0.011356,17.705856,False,0,1,static,"N/A","",3.61,429.98
120,361,0.165917,0.011356,17.705856,False,0,1,static,"N/A","",3.59,433.59
121,364,0.168929,0.011356,17.705856,False,0,1,static,"N/A","",3.59,437.19
122,367,0.161231,0.011356,17.705856,False,0,1,static,"N/A","",3.60,440.80
123,370,0.167012,0.011356,17.705856,False,0,1,static,"N/A","",3.59,444.41
124,373,0.159531,0.011356,17.705856,False,0,1,static,"N/A","",3.64,448.06
125,376,0.141548,0.011356,17.705856,False,0,1,static,"N/A","",3.60,451.68
126,379,0.153110,0.011356,17.705856,False,0,1,static,"N/A","",3.61,455.29
127,382,0.146579,0.011356,17.705856,False,0,1,static,"N/A","",3.61,458.92
128,385,0.151524,0.011356,17.705856,False,0,1,static,"N/A","",3.59,462.52
129,388,0.147139,0.011356,17.705856,False,0,1,static,"N/A","",3.58,466.11
130,391,0.157013,0.011356,17.705856,False,0,1,static,"N/A","",3.61,469.73
131,394,0.154848,0.011356,17.705856,False,0,1,static,"N/A","",3.60,473.34
132,397,0.161449,0.011356,17.705856,False,0,1,static,"N/A","",3.61,476.96
133,400,0.189359,0.011356,17.705856,False,0,1,static,"N/A","",3.60,480.57
134,403,0.199454,0.011356,17.705856,False,0,1,static,"N/A","",3.58,484.17
135,406,0.195456,0.011356,17.705856,False,0,1,static,"N/A","",3.59,487.78
136,409,0.209722,0.011356,17.705856,False,0,1,static,"N/A","",3.61,491.40
137,412,0.207277,0.011356,17.174681,False,0,1,static,"N/A","",3.59,495.00
138,415,0.186098,0.011356,17.174681,False,0,1,static,"N/A","",3.58,498.59
139,418,0.173548,0.011356,17.174681,False,0,1,static,"N/A","",3.59,502.19
140,421,0.193053,0.011356,17.174681,False,0,1,static,"N/A","",3.60,505.81
141,424,0.197932,0.011356,17.174681,False,0,1,static,"N/A","",3.57,509.39
142,427,0.171915,0.011356,17.174681,False,0,1,static,"N/A","",3.60,513.00
143,430,0.182620,0.011356,17.174681,False,0,1,static,"N/A","",3.57,516.59
144,433,0.177683,0.011356,17.174681,False,0,1,static,"N/A","",3.57,520.16
145,436,0.170786,0.011356,17.174681,False,0,1,static,"N/A","",3.56,523.73
146,439,0.176797,0.011356,17.174681,False,0,1,static,"N/A","",3.56,527.30
147,442,0.163530,0.011356,17.174681,False,0,1,static,"N/A","",3.56,530.87
148,445,0.168352,0.011356,17.174681,False,0,1,static,"N/A","",3.59,534.47
149,448,0.181716,0.011356,17.174681,False,0,1,static,"N/A","",3.61,538.09
150,451,0.179861,0.011356,17.174681,False,0,1,static,"N/A","{"0x2d1c": {"loss": 0.179861, "satisfied": false}}",3.56,541.66
