iteration,total_queries,loss,iter_time_s,total_time_s
1,202,30.113114,4.69,5.14
2,403,30.097352,4.77,10.46
3,604,30.129014,4.66,15.68
4,805,30.085139,4.68,20.36
5,1006,30.078421,4.74,25.65
6,1207,30.421943,4.81,31.02
7,1408,30.384980,4.75,35.78
8,1609,30.371766,4.69,40.47
9,1810,30.232915,4.69,45.16
10,2011,30.218693,4.81,49.97
11,2212,30.283673,4.78,54.75
12,2413,30.192447,4.67,59.42
13,2614,30.186681,4.74,64.16
14,2815,30.152900,4.75,68.91
15,3016,30.131051,4.68,73.59
16,3217,30.079892,4.71,78.30
17,3418,20.935996,4.67,82.97
18,3619,20.901089,4.75,88.30
19,3820,20.892450,4.70,93.58
20,4021,20.878807,4.82,98.96
21,4222,20.876042,4.75,104.28
22,4423,20.874933,4.80,109.65
23,4624,20.871625,4.87,115.10
24,4825,20.869740,4.74,120.42
25,5026,25.204652,4.79,125.78
26,5227,25.193749,4.70,130.48
27,5428,25.173191,4.75,135.24
28,5629,25.151690,4.77,140.01
29,5830,25.125017,4.84,144.85
30,6031,25.105191,4.77,149.62
31,6232,25.078362,4.74,154.36
32,6433,25.057655,4.77,159.14
33,6634,25.037794,4.76,163.90
34,6835,25.017040,4.80,168.70
35,7036,24.992618,4.77,173.47
36,7237,24.965968,4.78,178.26
37,7438,24.953640,4.78,183.04
38,7639,24.929189,4.77,187.81
39,7840,24.910607,4.76,192.57
40,8041,24.877786,4.86,197.43
41,8242,24.853463,4.79,202.23
42,8443,24.822073,4.75,206.98
43,8644,24.807362,4.79,211.77
44,8845,24.783730,4.73,216.50
45,9046,24.761084,4.82,221.32
46,9247,24.733811,4.79,226.11
47,9448,24.719350,4.86,230.97
48,9649,24.693209,4.73,235.71
49,9850,24.660859,4.90,240.60
50,10051,24.637970,4.79,245.39
51,10252,24.611867,4.80,250.20
52,10453,24.590463,4.75,254.95
53,10654,24.556153,4.82,259.78
54,10855,24.531249,4.83,264.61
55,11056,24.505777,4.77,269.38
56,11257,24.482570,4.76,274.14
57,11458,24.457862,4.70,278.85
58,11659,24.433080,4.72,283.56
59,11860,24.399195,4.80,288.37
60,12061,24.374516,4.74,293.11
61,12262,24.350358,4.78,297.89
62,12463,24.329443,4.84,302.73
63,12664,24.287930,4.91,307.64
64,12865,24.260669,4.77,312.41
65,13066,24.229567,4.80,317.22
66,13267,24.209627,4.73,321.95
67,13468,24.181506,4.75,326.69
68,13669,24.148043,4.73,331.43
69,13870,24.115787,4.76,336.19
70,14071,24.097014,4.79,340.98
71,14272,24.070443,4.77,345.76
72,14473,24.036629,4.80,350.56
73,14674,24.015208,4.79,355.35
74,14875,23.982570,4.76,360.11
75,15076,23.960028,4.77,364.89
76,15277,23.927438,4.72,369.61
77,15478,23.911643,4.79,374.40
78,15679,23.888621,4.85,379.25
79,15880,23.868564,4.77,384.02
80,16081,23.856707,4.76,388.78
81,16282,23.831293,4.88,393.66
82,16483,23.812540,4.79,398.45
83,16684,23.797974,4.73,403.18
84,16885,23.781108,4.77,407.96
85,17086,23.766176,4.82,412.78
86,17287,23.744964,4.73,417.51
87,17488,23.733262,4.81,422.33
88,17689,23.719425,4.85,427.18
89,17890,23.699866,4.75,431.93
90,18091,23.681058,4.74,436.67
91,18292,23.667326,4.83,441.50
92,18493,23.649342,4.77,446.28
93,18694,23.645710,4.85,451.13
94,18895,23.632799,4.80,455.93
95,19096,23.613519,4.82,460.75
96,19297,23.607442,4.78,465.53
97,19498,23.589159,4.80,470.33
98,19699,23.586174,4.85,475.19
99,19900,23.567805,4.78,479.97
100,20101,23.560601,4.87,484.84
101,20302,23.547475,4.83,489.68
102,20503,23.541804,4.83,494.51
103,20704,23.523987,4.78,499.30
104,20905,23.516694,4.85,504.15
105,21106,23.501400,4.78,508.93
106,21307,23.495385,4.78,513.72
107,21508,23.483776,4.77,518.49
108,21709,23.478743,4.76,523.25
109,21910,23.479450,4.79,528.04
110,22111,23.457527,4.77,532.81
111,22312,23.447256,4.81,537.62
112,22513,23.438414,4.82,542.44
113,22714,23.434379,4.85,547.30
114,22915,23.429815,4.77,552.07
115,23116,23.417958,4.88,556.95
116,23317,23.420968,4.78,561.74
117,23518,23.405564,4.82,566.56
118,23719,23.407174,4.77,571.34
119,23920,23.390433,4.77,576.11
120,24121,23.393690,4.80,580.91
121,24322,23.377868,4.81,585.72
122,24523,23.381500,4.78,590.51
123,24724,23.375637,4.80,595.31
124,24925,23.367174,4.84,600.16
125,25126,23.360258,4.84,605.00
126,25327,23.352172,4.76,609.77
127,25528,23.350844,4.82,614.59
128,25729,23.339297,4.79,619.38
129,25930,23.327886,4.82,624.21
130,26131,23.334273,4.71,628.92
131,26332,23.310852,4.78,633.70
132,26533,23.307760,4.81,638.51
133,26734,23.299125,4.80,643.31
134,26935,23.293830,4.79,648.11
135,27136,23.282999,4.84,652.95
136,27337,23.281747,4.83,657.78
137,27538,23.281912,4.84,662.62
138,27739,23.266231,4.80,667.43
139,27940,23.259657,4.82,672.26
140,28141,23.252744,4.79,677.05
141,28342,23.245543,4.87,681.92
142,28543,23.240914,4.80,686.72
143,28744,23.226668,4.77,691.50
144,28945,23.214251,4.89,696.39
145,29146,23.210447,4.78,701.18
146,29347,23.203510,4.75,705.93
147,29548,23.190741,4.84,710.77
148,29749,23.182680,4.86,715.63
149,29950,23.170483,4.75,720.38
150,30151,23.166322,4.83,725.22
151,30352,23.155521,4.77,729.99
152,30553,23.145691,4.86,734.86
153,30754,23.141512,4.82,739.68
154,30955,23.136481,4.75,744.43
155,31156,23.126705,4.84,749.27
156,31357,23.113035,4.82,754.10
157,31558,23.112812,4.81,758.91
158,31759,23.092225,4.74,763.65
159,31960,23.089465,4.79,768.44
160,32161,23.086960,4.81,773.26
161,32362,23.072127,4.81,778.07
162,32563,23.054796,4.78,782.85
163,32764,23.045547,4.87,787.72
164,32965,23.037667,4.80,792.52
165,33166,23.032656,4.81,797.33
166,33367,23.022545,4.75,802.08
167,33568,23.015335,4.84,806.92
168,33769,23.009164,4.77,811.69
169,33970,23.009112,4.80,816.50
170,34171,23.000369,4.72,821.22
171,34372,22.999223,4.79,826.02
172,34573,22.991839,4.81,830.83
173,34774,22.994061,4.82,835.66
174,34975,22.993046,4.87,840.52
175,35176,22.988115,4.84,845.36
176,35377,22.974478,4.79,850.16
177,35578,22.970949,4.76,854.92
178,35779,22.969224,4.85,859.77
179,35980,22.964772,4.79,864.56
180,36181,22.971874,4.78,869.35
181,36382,22.976966,4.76,874.11
182,36583,22.975022,4.83,878.94
183,36784,22.966489,4.81,883.76
184,36985,22.954858,4.79,888.55
185,37186,22.954773,4.82,893.37
186,37387,22.947725,4.79,898.16
187,37588,22.945155,4.85,903.01
188,37789,22.938391,4.80,907.82
189,37990,22.929575,4.85,912.67
190,38191,22.922989,4.85,917.52
191,38392,22.910868,4.81,922.33
192,38593,22.909827,4.80,927.14
193,38794,22.897715,4.77,931.91
194,38995,22.902340,4.78,936.69
195,39196,22.883197,4.92,941.61
196,39397,22.883750,4.78,946.39
197,39598,22.882193,4.83,951.22
198,39799,22.890692,4.74,955.96
199,40000,22.877233,4.83,960.79
200,40201,22.887321,4.78,965.57
201,40402,22.881265,4.80,970.37
202,40603,22.867029,4.86,975.23
203,40804,22.865418,4.75,979.98
204,41005,22.868697,4.87,984.86
205,41206,22.862276,4.87,989.73
206,41407,22.854532,4.80,994.53
207,41608,22.863944,4.77,999.30
208,41809,22.861768,4.74,1004.04
209,42010,22.860453,4.76,1008.80
210,42211,22.853508,4.81,1013.62
211,42412,22.849926,4.73,1018.34
212,42613,22.842878,4.73,1023.08
213,42814,22.842352,4.76,1027.84
214,43015,22.845416,4.80,1032.64
215,43216,22.851262,4.83,1037.47
216,43417,22.852665,4.77,1042.24
217,43618,22.841956,4.76,1047.00
218,43819,22.832212,4.78,1051.79
219,44020,22.836524,4.73,1056.52
220,44221,22.829213,4.76,1061.29
221,44422,22.826922,4.77,1066.06
222,44623,22.834864,4.79,1070.86
223,44824,22.813557,4.80,1075.66
224,45025,22.815068,4.79,1080.45
225,45226,22.808860,4.81,1085.26
226,45427,22.797390,4.89,1090.15
227,45628,22.783315,4.76,1094.91
228,45829,22.779213,4.71,1099.62
229,46030,22.781483,4.78,1104.40
230,46231,22.771498,4.81,1109.21
231,46432,22.770766,4.78,1113.99
232,46633,22.769028,4.86,1118.86
233,46834,22.757793,4.91,1123.77
234,47035,22.760519,4.79,1128.57
235,47236,22.746998,4.79,1133.36
236,47437,22.744760,4.85,1138.22
237,47638,22.746359,4.80,1143.02
238,47839,22.748515,4.86,1147.89
239,48040,22.739202,4.83,1152.72
240,48241,22.729181,4.83,1157.55
241,48442,22.734054,4.72,1162.27
242,48643,22.719011,4.76,1167.02
243,48844,22.721838,4.82,1171.84
244,49045,22.713465,4.80,1176.65
245,49246,22.723040,4.80,1181.45
246,49447,22.711101,4.78,1186.23
247,49648,22.708691,4.80,1191.03
248,49849,22.708776,4.82,1195.85
249,50050,22.698851,4.80,1200.65
250,50251,22.698002,4.72,1205.38
251,50452,22.692038,4.76,1210.15
252,50653,22.696986,4.70,1214.85
253,50854,22.694680,4.75,1219.60
254,51055,22.692039,4.79,1224.39
255,51256,22.689467,4.76,1229.15
256,51457,22.688275,4.82,1233.97
257,51658,22.684912,4.78,1238.76
258,51859,22.684900,4.95,1243.71
259,52060,22.674675,4.81,1248.52
260,52261,22.677612,4.81,1253.33
261,52462,22.669158,4.79,1258.12
262,52663,22.662318,4.79,1262.92
263,52864,22.660734,4.90,1267.82
264,53065,22.656898,4.76,1272.58
265,53266,22.649039,4.80,1277.38
266,53467,22.645749,4.80,1282.19
267,53668,22.650757,4.81,1287.00
268,53869,22.653681,4.85,1291.85
269,54070,22.637896,4.77,1296.62
270,54271,22.641936,4.76,1301.38
271,54472,22.631355,4.87,1306.26
272,54673,22.631231,4.76,1311.02
273,54874,22.626753,4.80,1315.82
274,55075,22.626286,4.75,1320.57
275,55276,22.625477,4.78,1325.36
276,55477,22.623867,4.82,1330.19
277,55678,22.615402,4.84,1335.03
278,55879,22.609749,4.77,1339.80
279,56080,22.604042,4.72,1344.53
280,56281,22.613069,4.79,1349.32
281,56482,22.594249,4.86,1354.17
282,56683,22.598336,4.82,1359.00
283,56884,22.592154,4.78,1363.78
284,57085,22.593872,4.78,1368.56
285,57286,22.586061,4.82,1373.38
286,57487,22.582983,4.76,1378.14
287,57688,22.587671,4.77,1382.91
288,57889,22.581685,4.74,1387.66
289,58090,22.578318,4.82,1392.48
290,58291,22.577577,4.77,1397.26
291,58492,22.571047,4.80,1402.06
292,58693,22.568507,4.81,1406.87
293,58894,22.566551,4.76,1411.64
294,59095,22.582321,4.78,1416.42
295,59296,22.565925,4.83,1421.26
296,59497,22.559882,4.75,1426.01
297,59698,22.556575,4.78,1430.79
298,59899,22.561211,4.82,1435.62
299,60100,22.557096,4.80,1440.42
300,60301,22.556007,4.73,1445.15
301,60502,22.574250,4.88,1450.03
302,60703,22.558145,4.82,1454.85
303,60904,22.561371,4.79,1459.65
304,61105,22.556784,4.78,1464.43
305,61306,22.553327,4.78,1469.21
306,61507,22.551843,4.83,1474.04
307,61708,22.558321,4.77,1478.81
308,61909,22.565990,4.86,1483.68
309,62110,22.557339,4.81,1488.49
310,62311,22.549103,4.80,1493.29
311,62512,22.552477,4.73,1498.02
312,62713,22.541734,4.73,1502.76
313,62914,22.549873,4.87,1507.63
314,63115,22.539641,4.85,1512.48
315,63316,22.540803,4.74,1517.22
316,63517,22.544053,4.82,1522.04
317,63718,22.531351,4.80,1526.84
318,63919,22.529727,4.80,1531.64
319,64120,22.529117,4.80,1536.44
320,64321,22.522764,4.77,1541.22
321,64522,22.530025,4.80,1546.02
322,64723,22.525557,4.79,1550.82
323,64924,22.512866,4.79,1555.61
324,65125,22.517090,4.77,1560.39
325,65326,22.508736,4.87,1565.26
326,65527,22.514329,4.76,1570.02
327,65728,22.510287,4.79,1574.81
328,65929,22.513757,4.81,1579.63
329,66130,22.503707,4.85,1584.48
330,66331,22.505621,4.72,1589.21
331,66532,22.501748,4.82,1594.04
332,66733,22.498993,4.76,1598.79
333,66934,22.493207,4.77,1603.57
334,67135,22.488150,4.76,1608.33
335,67336,22.496680,4.76,1613.09
336,67537,22.495009,4.79,1617.88
337,67738,22.501069,4.85,1622.73
338,67939,22.489730,4.79,1627.52
339,68140,22.486031,4.85,1632.38
340,68341,22.492229,4.82,1637.20
341,68542,22.489624,4.84,1642.05
342,68743,22.483930,4.81,1646.86
343,68944,22.496829,4.80,1651.67
344,69145,22.496044,4.83,1656.50
345,69346,22.486588,4.82,1661.32
346,69547,22.493569,4.79,1666.11
347,69748,22.503784,4.83,1670.94
348,69949,22.495324,4.75,1675.69
349,70150,22.489988,4.84,1680.52
350,70351,22.488222,4.78,1685.31
351,70552,22.482705,4.85,1690.17
352,70753,22.483493,4.77,1694.93
353,70954,22.490567,4.84,1699.78
354,71155,22.485519,4.82,1704.60
355,71356,22.480778,4.84,1709.45
356,71557,22.479026,4.79,1714.24
357,71758,22.484850,4.77,1719.01
358,71959,22.476333,4.76,1723.77
359,72160,22.489464,4.73,1728.50
360,72361,22.467710,4.79,1733.29
361,72562,22.479122,4.84,1738.13
362,72763,22.465952,4.77,1742.91
363,72964,22.460891,4.82,1747.73
364,73165,22.457841,4.82,1752.55
365,73366,22.455565,4.88,1757.43
366,73567,22.446803,4.86,1762.30
367,73768,22.444097,4.75,1767.04
368,73969,22.441955,4.85,1771.90
369,74170,22.442663,4.82,1776.72
370,74371,22.440811,4.80,1781.52
371,74572,22.448803,4.75,1786.27
372,74773,22.441027,4.82,1791.09
373,74974,22.441121,4.80,1795.89
374,75175,22.458958,4.79,1800.69
375,75376,22.436976,4.77,1805.46
376,75577,22.436820,4.75,1810.22
377,75778,22.439966,4.81,1815.03
378,75979,22.440504,4.72,1819.75
379,76180,22.432729,4.80,1824.56
380,76381,22.439066,4.85,1829.40
381,76582,22.439738,4.82,1834.22
382,76783,22.444075,4.81,1839.03
383,76984,22.437167,4.76,1843.80
384,77185,22.433889,4.78,1848.58
385,77386,22.432751,4.83,1853.41
386,77587,22.439930,4.71,1858.12
387,77788,22.435645,4.82,1862.95
388,77989,22.442229,4.75,1867.70
389,78190,22.437105,4.82,1872.52
390,78391,22.442132,4.79,1877.31
391,78592,22.433996,4.72,1882.03
392,78793,22.436930,4.82,1886.85
393,78994,22.434293,4.83,1891.68
394,79195,22.438806,4.80,1896.49
395,79396,22.431265,4.90,1901.39
396,79597,22.422872,4.83,1906.22
397,79798,22.432350,4.80,1911.02
398,79999,22.421232,4.75,1915.78
399,80200,22.425884,4.82,1920.60
400,80401,22.423904,4.76,1925.36
