# --- Attack Parameters ---
# {
#     "attack_type": "bandit",
#     "executable": "./resources/execution_files/liveness_Vit_mnn",
#     "image": "/model_deploy_execution_attack/resources/filtered_images/n003981-0160_01.jpg",
#     "hooks": "/model_deploy_execution_attack/hook_config/liveness_Vit_mnn_hook_config.json",
#     "model": null,
#     "models": "/model_deploy_execution_attack/resources/models/liveness_Vit.mnn",
#     "iterations": 150,
#     "l_inf_norm": 20.0,
#     "missing_hook_penalty": 10.0,
#     "margin": 0.001,
#     "enable_stagnation_decay": true,
#     "learning_rate": 20.0,
#     "lr_decay_rate": 0.97,
#     "lr_decay_steps": 50,
#     "stagnation_patience": 20,
#     "min_loss_delta": 0.001,
#     "enable_dynamic_focus": false,
#     "evaluation_window": 10,
#     "boost_weight": 10.0,
#     "non_target_weight": 1.0,
#     "satisfied_weight": 3.0,
#     "satisfaction_threshold": 0.01,
#     "satisfaction_patience": 3,
#     "raw_args_template": null,
#     "workers": 64,
#     "output_dir": "/model_deploy_execution_attack/attack_results/liveness_Vit_mnn_bandit_n003981-0160_01_20250911-092939",
#     "fd_eta": 0.1,
#     "prior_exploration": 0.1,
#     "prior_size": 32,
#     "prior_lr": 0.1,
#     "adam_beta1": 0.9,
#     "adam_beta2": 0.999,
#     "adam_epsilon": 1e-08,
#     "model_paths": [
#         "/model_deploy_execution_attack/resources/models/liveness_Vit.mnn"
#     ]
# }
# -----------------------

iteration,total_queries,loss,best_loss,lr,is_successful_iter,num_satisfied_hooks,total_hooks,attack_mode,focus_targets,hook_details,iter_time_s,total_time_s
1,4,0.451949,0.297555,20.000000,False,0,1,static,"N/A","",3.61,5.25
2,7,0.473194,0.297555,20.000000,False,0,1,static,"N/A","",3.59,8.85
3,10,0.453282,0.297555,20.000000,False,0,1,static,"N/A","",3.58,12.44
4,13,0.429102,0.297555,20.000000,False,0,1,static,"N/A","",3.61,16.06
5,16,0.440880,0.297555,20.000000,False,0,1,static,"N/A","",3.58,19.65
6,19,0.429727,0.297555,20.000000,False,0,1,static,"N/A","",3.60,23.26
7,22,0.445064,0.297555,20.000000,False,0,1,static,"N/A","",3.60,26.87
8,25,0.465210,0.297555,20.000000,False,0,1,static,"N/A","",3.59,30.47
9,28,0.480487,0.297555,20.000000,False,0,1,static,"N/A","",3.63,34.12
10,31,0.472545,0.297555,20.000000,False,0,1,static,"N/A","",3.62,37.75
11,34,0.465857,0.297555,20.000000,False,0,1,static,"N/A","",3.59,41.36
12,37,0.460022,0.297555,20.000000,False,0,1,static,"N/A","",3.61,44.97
13,40,0.451082,0.297555,20.000000,False,0,1,static,"N/A","",3.61,48.59
14,43,0.458382,0.297555,20.000000,False,0,1,static,"N/A","",3.61,52.21
15,46,0.459111,0.297555,20.000000,False,0,1,static,"N/A","",3.60,55.82
16,49,0.458426,0.297555,20.000000,False,0,1,static,"N/A","",3.63,59.46
17,52,0.445889,0.297555,20.000000,False,0,1,static,"N/A","",3.59,63.07
18,55,0.443283,0.297555,20.000000,False,0,1,static,"N/A","",3.59,66.67
19,58,0.437875,0.297555,20.000000,False,0,1,static,"N/A","",3.60,70.28
20,61,0.438394,0.297555,20.000000,False,0,1,static,"N/A","",3.58,73.87
21,64,0.425625,0.297555,20.000000,False,0,1,static,"N/A","",3.60,77.48
22,67,0.428514,0.297555,20.000000,False,0,1,static,"N/A","",3.59,81.08
23,70,0.419371,0.297555,20.000000,False,0,1,static,"N/A","",3.63,84.72
24,73,0.418019,0.297555,20.000000,False,0,1,static,"N/A","",3.61,88.34
25,76,0.424963,0.297555,20.000000,False,0,1,static,"N/A","",3.59,91.94
26,79,0.422146,0.297555,20.000000,False,0,1,static,"N/A","",3.61,95.56
27,82,0.425563,0.297555,20.000000,False,0,1,static,"N/A","",3.59,99.16
28,85,0.425599,0.297555,20.000000,False,0,1,static,"N/A","",3.59,102.76
29,88,0.412918,0.297555,20.000000,False,0,1,static,"N/A","",3.58,106.35
30,91,0.413548,0.297555,20.000000,False,0,1,static,"N/A","",3.59,109.95
31,94,0.415258,0.297555,20.000000,False,0,1,static,"N/A","",3.61,113.56
32,97,0.411139,0.297555,20.000000,False,0,1,static,"N/A","",3.60,117.17
33,100,0.405642,0.297555,20.000000,False,0,1,static,"N/A","",3.60,120.78
34,103,0.417440,0.297555,20.000000,False,0,1,static,"N/A","",3.61,124.40
35,106,0.421830,0.297555,20.000000,False,0,1,static,"N/A","",3.61,128.03
36,109,0.419490,0.297555,20.000000,False,0,1,static,"N/A","",3.63,131.66
37,112,0.418307,0.297555,20.000000,False,0,1,static,"N/A","",3.63,135.31
38,115,0.413465,0.297555,20.000000,False,0,1,static,"N/A","",3.61,138.93
39,118,0.410782,0.297555,20.000000,False,0,1,static,"N/A","",3.62,142.55
40,121,0.417123,0.297555,20.000000,False,0,1,static,"N/A","",3.61,146.18
41,124,0.423430,0.297555,20.000000,False,0,1,static,"N/A","",3.59,149.78
42,127,0.419641,0.297555,20.000000,False,0,1,static,"N/A","",3.59,153.38
43,130,0.421859,0.297555,20.000000,False,0,1,static,"N/A","",3.59,156.98
44,133,0.429832,0.297555,20.000000,False,0,1,static,"N/A","",3.60,160.59
45,136,0.429188,0.297555,20.000000,False,0,1,static,"N/A","",3.60,164.19
46,139,0.429942,0.297555,20.000000,False,0,1,static,"N/A","",3.58,167.78
47,142,0.435439,0.297555,20.000000,False,0,1,static,"N/A","",3.59,171.38
48,145,0.430253,0.297555,20.000000,False,0,1,static,"N/A","",3.59,174.98
49,148,0.429407,0.297555,20.000000,False,0,1,static,"N/A","",3.59,178.58
50,151,0.423098,0.297555,20.000000,False,0,1,static,"N/A","",3.59,182.17
51,154,0.433210,0.297555,19.400000,False,0,1,static,"N/A","",3.57,185.75
52,157,0.427758,0.297555,19.400000,False,0,1,static,"N/A","",3.60,189.36
53,160,0.421969,0.297555,19.400000,False,0,1,static,"N/A","",3.59,192.96
54,163,0.419730,0.297555,19.400000,False,0,1,static,"N/A","",3.58,196.55
55,166,0.426369,0.297555,19.400000,False,0,1,static,"N/A","",3.60,200.16
56,169,0.444265,0.297555,19.400000,False,0,1,static,"N/A","",3.59,203.76
57,172,0.437882,0.297555,19.400000,False,0,1,static,"N/A","",3.60,207.38
58,175,0.443805,0.297555,19.400000,False,0,1,static,"N/A","",3.62,211.01
59,178,0.425885,0.297555,19.400000,False,0,1,static,"N/A","",3.58,214.60
60,181,0.415988,0.297555,19.400000,False,0,1,static,"N/A","",3.60,218.20
61,184,0.407436,0.297555,19.400000,False,0,1,static,"N/A","",3.62,221.83
62,187,0.412301,0.297555,19.400000,False,0,1,static,"N/A","",3.61,225.46
63,190,0.416990,0.297555,19.400000,False,0,1,static,"N/A","",3.60,229.07
64,193,0.422756,0.297555,19.400000,False,0,1,static,"N/A","",3.58,232.66
65,196,0.424102,0.297555,19.400000,False,0,1,static,"N/A","",3.58,236.26
66,199,0.429140,0.297555,19.400000,False,0,1,static,"N/A","",3.59,239.86
67,202,0.428295,0.297555,19.400000,False,0,1,static,"N/A","",3.60,243.47
68,205,0.439187,0.297555,19.400000,False,0,1,static,"N/A","",3.59,247.07
69,208,0.435096,0.297555,19.400000,False,0,1,static,"N/A","",3.59,250.67
70,211,0.441584,0.297555,19.400000,False,0,1,static,"N/A","",3.61,254.29
71,214,0.420784,0.297555,18.818000,False,0,1,static,"N/A","",3.59,257.89
72,217,0.417484,0.297555,18.818000,False,0,1,static,"N/A","",3.62,261.52
73,220,0.404481,0.297555,18.818000,False,0,1,static,"N/A","",3.59,265.12
74,223,0.405187,0.297555,18.818000,False,0,1,static,"N/A","",3.61,268.74
75,226,0.414031,0.297555,18.818000,False,0,1,static,"N/A","",3.60,272.36
76,229,0.412365,0.297555,18.818000,False,0,1,static,"N/A","",3.57,275.94
77,232,0.410310,0.297555,18.818000,False,0,1,static,"N/A","",3.59,279.54
78,235,0.412225,0.297555,18.818000,False,0,1,static,"N/A","",3.59,283.14
79,238,0.428706,0.297555,18.818000,False,0,1,static,"N/A","",3.58,286.73
80,241,0.419976,0.297555,18.818000,False,0,1,static,"N/A","",3.56,290.30
81,244,0.422845,0.297555,18.818000,False,0,1,static,"N/A","",3.58,293.89
82,247,0.423441,0.297555,18.818000,False,0,1,static,"N/A","",3.61,297.51
83,250,0.424782,0.297555,18.818000,False,0,1,static,"N/A","",3.59,301.11
84,253,0.404549,0.297555,18.818000,False,0,1,static,"N/A","",3.60,304.72
85,256,0.394972,0.297555,18.818000,False,0,1,static,"N/A","",3.59,308.32
86,259,0.397700,0.297555,18.818000,False,0,1,static,"N/A","",3.59,311.92
87,262,0.384549,0.297555,18.818000,False,0,1,static,"N/A","",3.59,315.52
88,265,0.376701,0.297555,18.818000,False,0,1,static,"N/A","",3.58,319.11
89,268,0.378441,0.297555,18.818000,False,0,1,static,"N/A","",3.62,322.74
90,271,0.387694,0.297555,18.818000,False,0,1,static,"N/A","",3.58,326.34
91,274,0.388730,0.297555,18.818000,False,0,1,static,"N/A","",3.62,329.96
92,277,0.389565,0.297555,18.818000,False,0,1,static,"N/A","",3.61,333.58
93,280,0.395278,0.297555,18.818000,False,0,1,static,"N/A","",3.60,337.19
94,283,0.404205,0.297555,18.818000,False,0,1,static,"N/A","",3.59,340.79
95,286,0.418310,0.297555,18.818000,False,0,1,static,"N/A","",3.59,344.40
96,289,0.414695,0.297555,18.818000,False,0,1,static,"N/A","",3.59,348.00
97,292,0.416553,0.297555,18.818000,False,0,1,static,"N/A","",3.60,351.61
98,295,0.410788,0.297555,18.818000,False,0,1,static,"N/A","",3.59,355.21
99,298,0.413386,0.297555,18.818000,False,0,1,static,"N/A","",3.57,358.80
100,301,0.406736,0.297555,18.818000,False,0,1,static,"N/A","",3.60,362.41
101,304,0.394526,0.297555,18.818000,False,0,1,static,"N/A","",3.60,366.02
102,307,0.391918,0.297555,18.818000,False,0,1,static,"N/A","",3.61,369.64
103,310,0.393008,0.297555,18.818000,False,0,1,static,"N/A","",3.61,373.26
104,313,0.379611,0.297555,18.818000,False,0,1,static,"N/A","",3.62,376.89
105,316,0.379312,0.297555,18.818000,False,0,1,static,"N/A","",3.59,380.49
106,319,0.395818,0.297555,18.818000,False,0,1,static,"N/A","",3.60,384.10
107,322,0.412271,0.297555,18.818000,False,0,1,static,"N/A","",3.59,387.70
108,325,0.413770,0.297555,18.818000,False,0,1,static,"N/A","",3.59,391.30
109,328,0.401055,0.297555,18.253460,False,0,1,static,"N/A","",3.61,394.92
110,331,0.388318,0.297555,18.253460,False,0,1,static,"N/A","",3.61,398.55
111,334,0.397130,0.297555,18.253460,False,0,1,static,"N/A","",3.60,402.15
112,337,0.391719,0.297555,18.253460,False,0,1,static,"N/A","",3.59,405.76
113,340,0.385829,0.297555,18.253460,False,0,1,static,"N/A","",3.59,409.36
114,343,0.391538,0.297555,18.253460,False,0,1,static,"N/A","",3.62,412.98
115,346,0.385669,0.297555,18.253460,False,0,1,static,"N/A","",3.61,416.61
116,349,0.379391,0.297555,18.253460,False,0,1,static,"N/A","",3.58,420.20
117,352,0.386542,0.297555,18.253460,False,0,1,static,"N/A","",3.59,423.80
118,355,0.389255,0.297555,18.253460,False,0,1,static,"N/A","",3.61,427.42
119,358,0.388147,0.297555,18.253460,False,0,1,static,"N/A","",3.59,431.02
120,361,0.402064,0.297555,18.253460,False,0,1,static,"N/A","",3.60,434.63
121,364,0.395001,0.297555,18.253460,False,0,1,static,"N/A","",3.60,438.24
122,367,0.384521,0.297555,18.253460,False,0,1,static,"N/A","",3.59,441.84
123,370,0.384441,0.297555,18.253460,False,0,1,static,"N/A","",3.57,445.42
124,373,0.395257,0.297555,18.253460,False,0,1,static,"N/A","",3.58,449.01
125,376,0.408043,0.297555,18.253460,False,0,1,static,"N/A","",3.60,452.62
126,379,0.417266,0.297555,18.253460,False,0,1,static,"N/A","",3.58,456.22
127,382,0.394169,0.297555,18.253460,False,0,1,static,"N/A","",3.60,459.83
128,385,0.397572,0.297555,18.253460,False,0,1,static,"N/A","",3.62,463.45
129,388,0.391146,0.297555,17.705856,False,0,1,static,"N/A","",3.63,467.09
130,391,0.383771,0.297555,17.705856,False,0,1,static,"N/A","",3.61,470.71
131,394,0.395067,0.297555,17.705856,False,0,1,static,"N/A","",3.60,474.32
132,397,0.392636,0.297555,17.705856,False,0,1,static,"N/A","",3.61,477.94
133,400,0.383198,0.297555,17.705856,False,0,1,static,"N/A","",3.67,481.62
134,403,0.384771,0.297555,17.705856,False,0,1,static,"N/A","",3.60,485.23
135,406,0.376456,0.297555,17.705856,False,0,1,static,"N/A","",3.63,488.88
136,409,0.375429,0.297555,17.705856,False,0,1,static,"N/A","",3.61,492.49
137,412,0.380424,0.297555,17.705856,False,0,1,static,"N/A","",3.62,496.12
138,415,0.387833,0.297555,17.705856,False,0,1,static,"N/A","",3.60,499.74
139,418,0.388335,0.297555,17.705856,False,0,1,static,"N/A","",3.59,503.34
140,421,0.387839,0.297555,17.705856,False,0,1,static,"N/A","",3.61,506.96
141,424,0.381727,0.297555,17.705856,False,0,1,static,"N/A","",3.59,510.56
142,427,0.386783,0.297555,17.705856,False,0,1,static,"N/A","",3.60,514.17
143,430,0.393241,0.297555,17.705856,False,0,1,static,"N/A","",3.56,517.75
144,433,0.386910,0.297555,17.705856,False,0,1,static,"N/A","",3.58,521.34
145,436,0.391843,0.297555,17.705856,False,0,1,static,"N/A","",3.58,524.93
146,439,0.408096,0.297555,17.705856,False,0,1,static,"N/A","",3.59,528.53
147,442,0.412562,0.297555,17.705856,False,0,1,static,"N/A","",3.56,532.11
148,445,0.407556,0.297555,17.705856,False,0,1,static,"N/A","",3.58,535.70
149,448,0.402145,0.297555,17.705856,False,0,1,static,"N/A","",3.61,539.32
150,451,0.398488,0.297555,17.705856,False,0,1,static,"N/A","{"0x2d1c": {"loss": 0.398488, "satisfied": false}}",3.59,542.92
