iteration,total_queries,loss,iter_time_s,total_time_s
1,202,30.139977,4.66,5.10
2,403,30.136237,4.73,10.39
3,604,30.062227,4.73,15.67
4,805,30.077935,4.69,20.91
5,1006,30.051790,4.73,25.65
6,1207,30.298341,4.66,30.86
7,1408,30.253987,4.70,35.56
8,1609,30.166567,4.62,40.18
9,1810,30.381699,4.72,44.91
10,2011,20.728407,4.76,49.67
11,2212,20.681308,4.83,55.08
12,2413,20.682416,4.82,60.48
13,2614,20.679709,4.74,65.22
14,2815,20.670875,4.83,70.62
15,3016,20.667679,4.80,76.00
16,3217,20.663076,4.77,81.34
17,3418,20.657071,4.80,86.71
18,3619,23.891140,4.78,92.07
19,3820,23.849690,4.78,96.86
20,4021,23.799029,4.78,101.64
21,4222,23.760391,4.81,106.45
22,4423,23.731969,4.83,111.29
23,4624,23.693582,4.85,116.14
24,4825,23.657117,4.79,120.93
25,5026,23.624669,4.82,125.75
26,5227,23.593348,4.82,130.57
27,5428,23.564891,4.86,135.44
28,5629,23.528784,4.73,140.17
29,5830,23.479583,4.79,144.97
30,6031,23.417777,4.82,149.79
31,6232,23.360879,4.76,154.55
32,6433,23.328279,4.76,159.32
33,6634,23.285409,4.71,164.03
34,6835,23.248649,4.80,168.83
35,7036,23.218206,4.81,173.64
36,7237,23.185872,4.76,178.40
37,7438,23.146829,4.72,183.12
38,7639,23.115461,4.82,187.94
39,7840,23.080684,4.76,192.70
40,8041,23.050950,4.77,197.48
41,8242,23.006025,4.82,202.31
42,8443,22.975196,4.78,207.09
43,8644,22.931546,4.80,211.89
44,8845,22.889924,4.83,216.73
45,9046,22.861219,4.77,221.50
46,9247,22.817445,4.85,226.35
47,9448,22.778809,4.90,231.26
48,9649,22.755382,4.75,236.01
49,9850,22.712095,4.83,240.85
50,10051,22.671579,4.79,245.64
51,10252,22.634714,4.84,250.49
52,10453,22.610824,4.79,255.28
53,10654,22.578536,4.80,260.08
54,10855,22.556516,4.83,264.91
55,11056,22.528207,4.78,269.69
56,11257,22.495940,4.81,274.50
57,11458,22.468099,4.82,279.33
58,11659,22.437783,4.74,284.07
59,11860,22.395672,4.87,288.94
60,12061,22.366945,4.86,293.80
61,12262,22.345729,4.83,298.63
62,12463,22.302899,4.76,303.39
63,12664,22.277258,4.81,308.20
64,12865,22.248762,4.85,313.05
65,13066,22.214787,4.81,317.86
66,13267,22.194376,4.74,322.60
67,13468,22.159102,4.83,327.43
68,13669,22.128266,4.80,332.24
69,13870,22.107097,4.73,336.97
70,14071,22.089527,4.81,341.78
71,14272,22.073183,4.84,346.62
72,14473,22.028735,4.75,351.37
73,14674,22.019851,4.76,356.14
74,14875,21.996133,4.86,361.00
75,15076,21.986135,4.72,365.72
76,15277,21.955019,4.77,370.49
77,15478,21.936427,4.79,375.29
78,15679,21.919723,4.91,380.19
79,15880,21.903916,4.83,385.02
80,16081,21.889601,4.78,389.81
81,16282,21.872170,4.78,394.58
82,16483,21.854581,4.84,399.43
83,16684,21.844480,4.80,404.23
84,16885,21.831840,4.86,409.09
85,17086,21.817037,4.78,413.88
86,17287,21.801060,4.83,418.71
87,17488,21.785547,4.79,423.50
88,17689,21.768688,4.81,428.31
89,17890,21.748237,4.80,433.11
90,18091,21.740845,4.82,437.93
91,18292,21.720811,4.86,442.79
92,18493,21.704302,4.90,447.69
93,18694,21.704161,4.84,452.53
94,18895,21.683103,4.79,457.32
95,19096,21.670303,4.81,462.13
96,19297,21.660938,4.77,466.91
97,19498,21.644562,4.73,471.64
98,19699,21.633884,4.79,476.43
99,19900,21.624111,4.86,481.29
100,20101,21.611263,4.96,486.25
101,20302,21.596491,4.83,491.08
102,20503,21.581972,4.76,495.85
103,20704,21.567815,4.83,500.68
104,20905,21.549719,4.81,505.50
105,21106,21.530315,4.81,510.31
106,21307,21.509315,4.83,515.13
107,21508,21.508080,4.86,519.99
108,21709,21.493387,4.74,524.74
109,21910,21.476656,4.85,529.59
110,22111,21.459391,4.77,534.37
111,22312,21.450961,4.79,539.16
112,22513,21.438677,4.88,544.04
113,22714,21.429855,4.80,548.84
114,22915,21.415444,4.79,553.64
115,23116,21.398043,4.84,558.48
116,23317,21.394236,4.80,563.28
117,23518,21.383959,4.78,568.07
118,23719,21.375642,4.81,572.88
119,23920,21.372516,4.80,577.69
120,24121,21.364138,4.85,582.54
121,24322,21.354185,4.81,587.35
122,24523,21.348265,4.78,592.14
123,24724,21.326516,4.92,597.05
124,24925,21.323134,4.84,601.89
125,25126,21.311728,4.84,606.74
126,25327,21.294907,4.95,611.69
127,25528,21.284225,4.80,616.49
128,25729,21.290804,4.82,621.32
129,25930,21.270176,4.79,626.10
130,26131,21.256346,4.83,630.94
131,26332,21.250667,4.77,635.71
132,26533,21.250543,4.83,640.54
133,26734,21.242500,4.86,645.40
134,26935,21.232517,4.80,650.21
135,27136,21.229681,4.83,655.04
136,27337,21.220588,4.82,659.86
137,27538,21.207157,4.86,664.72
138,27739,21.197479,4.79,669.51
139,27940,21.175895,4.88,674.40
140,28141,21.191174,4.83,679.23
141,28342,21.159261,4.80,684.03
142,28543,21.159988,4.86,688.90
143,28744,21.149503,4.78,693.67
144,28945,21.145107,4.75,698.43
145,29146,21.135044,4.92,703.35
146,29347,21.137162,4.74,708.10
147,29548,21.127545,4.86,712.96
148,29749,21.120796,4.82,717.79
149,29950,21.119527,4.79,722.58
150,30151,21.114902,4.78,727.36
151,30352,21.100163,4.90,732.26
152,30553,21.096742,4.73,737.00
153,30754,21.087955,4.79,741.79
154,30955,21.088765,4.92,746.71
155,31156,21.077558,4.77,751.49
156,31357,21.070031,4.81,756.30
157,31558,21.058276,4.86,761.16
158,31759,21.057163,4.94,766.10
159,31960,21.056649,4.80,770.90
160,32161,21.044378,4.86,775.76
161,32362,21.040556,4.83,780.60
162,32563,21.018037,4.90,785.50
163,32764,21.023302,4.87,790.37
164,32965,21.021869,4.90,795.27
165,33166,21.006207,4.71,799.98
166,33367,21.011954,4.88,804.87
167,33568,21.006524,4.85,809.72
168,33769,21.000623,4.79,814.52
169,33970,20.990218,4.74,819.26
170,34171,21.001486,4.79,824.05
171,34372,20.977011,4.74,828.79
172,34573,20.976071,4.73,833.53
173,34774,20.969308,4.84,838.36
174,34975,20.973466,4.72,843.09
175,35176,20.962815,4.77,847.86
176,35377,20.958752,4.81,852.67
177,35578,20.951826,4.82,857.49
178,35779,20.937584,4.91,862.40
179,35980,20.931082,4.93,867.34
180,36181,20.934050,4.77,872.11
181,36382,20.928584,4.84,876.95
182,36583,20.926732,4.77,881.73
183,36784,20.923342,4.77,886.50
184,36985,20.913214,4.82,891.33
185,37186,20.908958,4.78,896.11
186,37387,20.906198,4.87,900.99
187,37588,20.903661,4.76,905.75
188,37789,20.901108,4.85,910.60
189,37990,20.891684,4.79,915.39
190,38191,20.884929,4.85,920.25
191,38392,20.900505,4.80,925.05
192,38593,20.900515,4.81,929.86
193,38794,20.878290,4.83,934.69
194,38995,20.870796,4.74,939.43
195,39196,20.880771,4.79,944.22
196,39397,20.861046,4.85,949.08
197,39598,20.855989,4.92,954.00
198,39799,20.846145,4.80,958.81
199,40000,20.857693,4.82,963.63
200,40201,20.838793,4.81,968.44
201,40402,20.837343,4.81,973.25
202,40603,20.835971,4.80,978.06
203,40804,20.827650,4.75,982.81
204,41005,20.821755,4.83,987.64
205,41206,20.827423,4.85,992.49
206,41407,20.824843,4.74,997.23
207,41608,20.830930,4.76,1002.00
208,41809,20.816813,4.82,1006.82
209,42010,20.812708,4.83,1011.66
210,42211,20.807316,4.80,1016.46
211,42412,20.805644,4.83,1021.30
212,42613,20.803070,4.84,1026.14
213,42814,20.798048,4.77,1030.91
214,43015,20.799058,4.81,1035.72
215,43216,20.802053,4.76,1040.48
216,43417,20.799510,4.85,1045.33
217,43618,20.793272,4.84,1050.18
218,43819,20.786235,4.81,1054.99
219,44020,20.780202,4.85,1059.84
220,44221,20.768682,4.80,1064.64
221,44422,20.764554,4.73,1069.37
222,44623,20.761064,4.86,1074.24
223,44824,20.758767,4.87,1079.11
224,45025,20.761820,4.76,1083.87
225,45226,20.743379,4.83,1088.69
226,45427,20.744393,4.78,1093.47
227,45628,20.736325,4.88,1098.35
228,45829,20.735701,4.84,1103.20
229,46030,20.724532,4.77,1107.97
230,46231,20.712142,4.81,1112.78
231,46432,20.709973,4.78,1117.55
232,46633,20.709770,4.84,1122.39
233,46834,20.704212,4.80,1127.20
234,47035,20.697137,4.84,1132.04
235,47236,20.695413,4.80,1136.84
236,47437,20.693580,4.81,1141.66
237,47638,20.696398,4.82,1146.48
238,47839,20.707914,4.81,1151.29
239,48040,20.696799,4.82,1156.11
240,48241,20.700950,4.81,1160.92
241,48442,20.702652,4.77,1165.69
242,48643,20.704689,4.86,1170.55
243,48844,20.714023,4.80,1175.35
244,49045,20.720091,4.77,1180.13
245,49246,20.713376,4.87,1185.00
246,49447,20.714391,4.83,1189.83
247,49648,20.708674,4.79,1194.62
248,49849,20.696440,4.85,1199.48
249,50050,20.694046,4.85,1204.33
250,50251,20.691557,4.77,1209.10
251,50452,20.690491,4.81,1213.90
252,50653,20.686500,4.81,1218.72
253,50854,20.679571,4.76,1223.48
254,51055,20.683634,4.72,1228.20
255,51256,20.680273,4.84,1233.04
256,51457,20.682224,4.79,1237.84
257,51658,20.678501,4.76,1242.60
258,51859,20.674384,4.80,1247.41
259,52060,20.678937,4.77,1252.18
260,52261,20.691303,4.82,1257.01
261,52462,20.678674,4.85,1261.86
262,52663,20.667764,4.81,1266.68
263,52864,20.661570,4.81,1271.49
264,53065,20.661042,4.77,1276.26
265,53266,20.654827,4.81,1281.07
266,53467,20.656732,4.76,1286.41
267,53668,20.654879,4.79,1291.20
268,53869,20.638571,4.81,1296.01
269,54070,20.629818,4.81,1301.40
270,54271,20.624810,4.79,1306.76
271,54472,20.624759,4.74,1312.08
272,54673,20.619164,4.81,1317.46
273,54874,20.620526,4.86,1322.90
274,55075,20.615882,4.84,1327.74
275,55276,20.607604,4.85,1333.17
276,55477,20.612118,4.76,1338.50
277,55678,20.612044,4.74,1343.25
278,55879,20.609000,4.77,1348.02
279,56080,20.611157,4.83,1352.86
280,56281,20.618291,4.80,1357.66
281,56482,20.601786,4.78,1362.44
282,56683,20.603673,4.82,1367.82
283,56884,20.610233,4.79,1372.61
284,57085,20.610614,4.83,1377.44
285,57286,20.609967,4.79,1382.23
286,57487,20.601970,4.77,1387.00
287,57688,20.594821,4.82,1391.83
288,57889,20.593457,4.77,1397.18
289,58090,20.593018,4.81,1402.57
290,58291,20.598205,4.83,1407.98
291,58492,20.596636,4.79,1412.77
292,58693,20.604698,4.79,1417.57
293,58894,20.584115,4.80,1422.37
294,59095,20.581917,4.83,1427.78
295,59296,20.582169,4.88,1433.23
296,59497,20.580234,4.84,1438.07
297,59698,20.587601,4.78,1443.42
298,59899,20.578018,4.88,1448.30
299,60100,20.574141,4.89,1453.78
300,60301,20.577320,4.82,1459.17
301,60502,20.565382,4.83,1464.01
302,60703,20.571186,4.78,1469.36
303,60904,20.569741,4.80,1474.17
304,61105,20.574334,4.70,1478.87
305,61306,20.572599,4.79,1483.66
306,61507,20.573458,4.84,1488.50
307,61708,20.562600,4.84,1493.35
308,61909,20.558653,4.78,1498.71
309,62110,20.560650,4.80,1504.09
310,62311,20.557576,4.80,1508.89
311,62512,20.567122,4.84,1514.30
312,62713,20.570199,4.78,1519.08
313,62914,20.565654,4.91,1523.99
314,63115,20.566526,4.75,1528.75
315,63316,20.569128,4.82,1533.57
316,63517,20.568889,4.87,1538.45
317,63718,20.554672,4.82,1543.27
318,63919,20.560445,4.76,1548.60
319,64120,20.559349,4.76,1553.36
320,64321,20.554394,4.74,1558.10
321,64522,20.548973,4.77,1563.45
322,64723,20.547532,4.70,1568.74
323,64924,20.559988,4.79,1574.10
324,65125,20.551625,4.79,1578.90
325,65326,20.545311,4.78,1583.68
326,65527,20.541574,4.77,1589.03
327,65728,20.541565,4.83,1594.44
328,65929,20.532721,4.81,1599.82
329,66130,20.530540,4.84,1605.24
330,66331,20.530417,4.84,1610.66
331,66532,20.534220,4.71,1615.96
332,66733,20.529668,4.77,1620.73
333,66934,20.528137,4.90,1626.20
334,67135,20.530481,4.81,1631.58
335,67336,20.523779,4.84,1636.43
336,67537,20.537130,4.78,1641.78
337,67738,20.538201,4.81,1646.59
338,67939,20.515502,4.85,1651.45
339,68140,20.516035,4.78,1656.81
340,68341,20.530573,4.89,1661.70
341,68542,20.516038,4.73,1666.43
342,68743,20.511155,4.81,1671.25
343,68944,20.505094,4.86,1676.68
344,69145,20.518097,4.77,1682.03
345,69346,20.504760,4.82,1686.85
346,69547,20.499794,4.77,1692.21
347,69748,20.496501,4.85,1697.63
348,69949,20.501741,4.83,1703.04
349,70150,20.506562,4.77,1707.82
350,70351,20.508371,4.84,1712.66
351,70552,20.509104,4.72,1717.37
352,70753,20.506539,4.80,1722.17
353,70954,20.517087,4.79,1726.96
354,71155,20.521251,4.79,1731.76
355,71356,20.520189,4.79,1736.56
356,71557,20.527388,4.73,1741.29
357,71758,20.510054,4.81,1746.10
358,71959,20.494565,4.83,1750.93
359,72160,20.494673,4.79,1756.29
360,72361,20.497246,4.86,1761.16
361,72562,20.486115,4.75,1765.91
362,72763,20.478995,4.80,1771.29
363,72964,20.478779,4.79,1776.66
364,73165,20.477264,4.76,1782.00
365,73366,20.467273,4.79,1787.37
366,73567,20.468414,4.77,1792.73
367,73768,20.459420,4.81,1797.54
368,73969,20.457004,4.80,1802.92
369,74170,20.465145,4.70,1808.19
370,74371,20.462045,4.82,1813.01
371,74572,20.468132,4.74,1817.76
372,74773,20.471531,4.73,1822.48
373,74974,20.457791,4.74,1827.23
374,75175,20.451661,4.90,1832.13
375,75376,20.452323,4.76,1837.46
376,75577,20.452561,4.76,1842.22
377,75778,20.454368,4.73,1846.96
378,75979,20.450671,4.73,1851.69
379,76180,20.444355,4.78,1857.04
380,76381,20.441570,4.90,1862.51
381,76582,20.442133,4.86,1867.96
382,76783,20.435837,4.79,1872.75
383,76984,20.443794,4.81,1878.14
384,77185,20.440286,4.82,1882.97
385,77386,20.438219,4.80,1887.77
386,77587,20.443915,4.86,1892.63
387,77788,20.444689,4.82,1897.45
388,77989,20.450989,4.90,1902.34
389,78190,20.444593,4.77,1907.11
390,78391,20.455412,4.88,1911.99
391,78592,20.440875,4.77,1916.76
392,78793,20.443583,4.78,1921.55
393,78994,20.448091,4.76,1926.31
394,79195,20.446553,4.79,1931.10
395,79396,20.435393,4.79,1935.89
396,79597,20.437880,4.81,1941.28
397,79798,20.442658,4.75,1946.03
398,79999,20.439297,4.79,1950.82
399,80200,20.447416,4.82,1955.64
400,80401,20.437896,4.76,1960.40
