iteration,total_queries,loss,iter_time_s,total_time_s
1,202,20.710238,4.83,5.29
2,403,20.700092,4.87,10.75
3,604,20.686437,4.79,16.12
4,805,20.674198,4.78,21.49
5,1006,20.665596,4.78,26.84
6,1207,23.965818,4.81,32.24
7,1408,23.942305,4.79,37.03
8,1609,23.917164,4.75,41.79
9,1810,23.891646,4.76,46.55
10,2011,23.833906,4.78,51.33
11,2212,23.792969,4.83,56.16
12,2413,23.731472,4.86,61.03
13,2614,23.660400,4.94,65.97
14,2815,23.609414,4.78,70.75
15,3016,23.555262,4.84,75.60
16,3217,23.496044,4.83,80.43
17,3418,23.436988,4.80,85.23
18,3619,23.391197,4.82,90.06
19,3820,23.325015,4.73,94.79
20,4021,23.277984,4.81,99.60
21,4222,23.222234,4.88,104.48
22,4423,23.158894,4.72,109.21
23,4624,23.108452,4.81,114.02
24,4825,23.049564,4.90,118.92
25,5026,22.999778,4.79,123.72
26,5227,22.950073,4.92,128.64
27,5428,22.896434,4.89,133.53
28,5629,22.854985,4.84,138.37
29,5830,22.808067,4.78,143.15
30,6031,22.775846,4.88,148.04
31,6232,22.731022,4.83,152.87
32,6433,22.697708,4.84,157.71
33,6634,22.648630,4.76,162.47
34,6835,22.611633,4.80,167.27
35,7036,22.577376,4.72,171.99
36,7237,22.539189,4.87,176.86
37,7438,22.496741,4.80,181.67
38,7639,22.454842,4.84,186.51
39,7840,22.429042,4.80,191.31
40,8041,23.404727,4.84,196.15
41,8242,22.361075,4.85,201.01
42,8443,22.334462,4.76,205.77
43,8644,22.309029,4.83,210.60
44,8845,22.281144,4.74,215.34
45,9046,22.250194,4.74,220.08
46,9247,22.218522,4.80,224.89
47,9448,22.199273,4.74,229.64
48,9649,22.173940,4.87,234.51
49,9850,22.151171,4.82,239.33
50,10051,22.124216,4.77,244.11
51,10252,22.100774,4.81,248.92
52,10453,22.070201,4.78,253.70
53,10654,22.048145,4.77,258.48
54,10855,22.013004,4.74,263.22
55,11056,21.982151,4.79,268.02
56,11257,21.945230,4.80,272.82
57,11458,21.915406,4.77,277.60
58,11659,21.878219,4.77,282.37
59,11860,21.846516,4.75,287.12
60,12061,21.812489,4.79,291.91
61,12262,21.782373,4.81,296.72
62,12463,21.750238,4.87,301.60
63,12664,21.728442,4.85,306.45
64,12865,21.700859,4.80,311.25
65,13066,21.672146,4.77,316.02
66,13267,21.655278,4.79,320.82
67,13468,21.628440,4.83,325.65
68,13669,21.614045,4.84,330.49
69,13870,21.582428,4.75,335.25
70,14071,21.563498,4.74,339.99
71,14272,21.538141,4.79,344.78
72,14473,21.511912,4.82,349.61
73,14674,21.487266,4.82,354.42
74,14875,21.464208,4.72,359.15
75,15076,21.450705,4.79,363.94
76,15277,21.416266,4.83,368.77
77,15478,21.392693,4.82,373.60
78,15679,21.367972,4.83,378.43
79,15880,21.345196,4.80,383.23
80,16081,21.317487,4.75,387.98
81,16282,21.290124,4.82,392.81
82,16483,21.267538,4.80,397.60
83,16684,21.249796,4.81,402.42
84,16885,21.229148,4.79,407.21
85,17086,21.212212,4.77,411.98
86,17287,21.185553,4.75,416.73
87,17488,21.163446,4.77,421.50
88,17689,21.146099,4.85,426.35
89,17890,21.128405,4.75,431.11
90,18091,21.105616,4.81,435.92
91,18292,21.092621,4.82,440.75
92,18493,21.073858,4.80,445.55
93,18694,21.060811,4.76,450.31
94,18895,21.034277,4.81,455.13
95,19096,21.022052,4.75,459.88
96,19297,21.009481,4.77,464.65
97,19498,20.995240,4.80,469.45
98,19699,20.975377,4.77,474.22
99,19900,20.965016,4.88,479.09
100,20101,20.953145,4.80,483.89
101,20302,20.939778,4.78,488.67
102,20503,20.930135,4.79,493.47
103,20704,20.922726,4.78,498.25
104,20905,20.914696,4.80,503.05
105,21106,20.899971,4.79,507.85
106,21307,20.891397,4.86,512.70
107,21508,20.880765,4.75,517.46
108,21709,20.868755,4.81,522.27
109,21910,20.856320,4.87,527.14
110,22111,20.851072,4.77,531.92
111,22312,20.839103,4.82,536.74
112,22513,20.830139,4.83,541.57
113,22714,20.814177,4.76,546.33
114,22915,20.810880,4.75,551.08
115,23116,20.800451,4.76,555.84
116,23317,20.789521,4.80,560.64
117,23518,20.778137,4.86,565.50
118,23719,20.766706,4.81,570.31
119,23920,20.763426,4.85,575.16
120,24121,20.749065,4.81,579.97
121,24322,20.743207,4.83,584.81
122,24523,20.735791,4.90,589.70
123,24724,20.725278,4.85,594.56
124,24925,20.721103,4.83,599.39
125,25126,20.710140,4.79,604.18
126,25327,20.700262,4.84,609.03
127,25528,20.687845,4.77,613.80
128,25729,20.678825,4.91,618.71
129,25930,20.666232,4.76,623.47
130,26131,20.655019,4.85,628.32
131,26332,20.644756,4.81,633.71
132,26533,20.636610,4.88,639.17
133,26734,20.627987,4.76,644.51
134,26935,20.615318,4.76,649.85
135,27136,20.617443,4.81,655.24
136,27337,20.610156,4.87,660.11
137,27538,20.602832,4.81,665.51
138,27739,20.595422,4.77,670.86
139,27940,20.584022,4.82,676.26
140,28141,20.569286,4.76,681.60
141,28342,20.562049,4.75,686.93
142,28543,20.565145,4.80,692.30
143,28744,20.559164,4.79,697.09
144,28945,20.541673,4.84,702.51
145,29146,20.527899,4.78,707.87
146,29347,20.524712,4.79,713.24
147,29548,20.515099,4.81,718.63
148,29749,20.505609,4.82,724.03
149,29950,20.495875,4.71,729.31
150,30151,20.485439,4.83,734.72
151,30352,20.475497,4.78,740.08
152,30553,20.459258,4.79,745.45
153,30754,20.456760,4.86,750.89
154,30955,20.446844,4.74,756.19
155,31156,20.438097,4.79,761.57
156,31357,20.430123,4.74,766.88
157,31558,20.425505,4.78,772.24
158,31759,20.419040,4.67,777.48
159,31960,20.415582,4.91,782.97
160,32161,20.406382,4.76,788.30
161,32362,20.399687,4.82,793.70
162,32563,20.396153,4.83,799.12
163,32764,20.391720,4.78,804.48
164,32965,20.381881,4.86,809.92
165,33166,20.378571,4.86,815.35
166,33367,20.364645,4.72,820.65
167,33568,20.359524,4.78,826.00
168,33769,20.357152,4.85,831.44
169,33970,20.345929,4.79,836.81
170,34171,20.336985,4.80,842.20
171,34372,20.332738,4.75,847.52
172,34573,20.325738,4.82,852.93
173,34774,20.323429,4.77,858.27
174,34975,20.326245,4.77,863.63
175,35176,20.317411,4.80,868.43
176,35377,20.308150,4.74,873.74
177,35578,20.295649,4.75,879.07
178,35779,20.289316,4.77,884.43
179,35980,20.280096,4.79,889.80
180,36181,20.266716,4.78,895.15
181,36382,20.268091,4.85,900.58
182,36583,20.258810,4.78,905.37
183,36784,20.251182,4.80,910.74
184,36985,20.249483,4.80,916.13
185,37186,20.243119,4.79,921.50
186,37387,20.237423,4.85,926.94
187,37588,20.226534,4.72,932.24
188,37789,20.220305,4.77,937.58
189,37990,20.222541,4.77,942.93
190,38191,20.211234,4.83,947.76
191,38392,20.206044,4.73,953.06
192,38593,20.199800,4.82,958.45
193,38794,20.199557,4.77,963.79
194,38995,20.191959,4.79,969.16
195,39196,20.174809,4.76,974.50
196,39397,20.165858,4.78,979.86
197,39598,20.161463,4.82,985.26
198,39799,20.154093,4.88,990.74
199,40000,20.148728,4.81,996.13
200,40201,20.138500,4.76,1001.46
201,40402,20.143313,4.82,1006.86
202,40603,20.136990,4.84,1011.70
203,40804,20.124903,4.86,1017.14
204,41005,20.128412,4.80,1022.50
205,41206,20.120780,4.85,1027.36
206,41407,20.118458,4.75,1032.68
207,41608,20.113965,4.75,1038.01
208,41809,20.105962,4.80,1043.39
209,42010,20.103306,4.88,1048.84
210,42211,20.095495,4.88,1054.30
211,42412,20.088385,4.82,1059.70
212,42613,20.080336,4.79,1065.08
213,42814,20.082957,4.76,1070.42
214,43015,20.078554,4.76,1075.19
215,43216,20.067978,4.76,1080.53
216,43417,20.068706,4.77,1085.88
217,43618,20.066030,4.73,1090.61
218,43819,0.127372,4.86,1096.04
