# --- Attack Parameters ---
# {
#     "executable": "./resources/execution_files/age_googlenet_mnn",
#     "image": "/img_align_celeba/185602.jpg",
#     "hooks": "/temp/hook_config/age_googlenet_mnn_hook_config.json",
#     "model": [
#         "/temp/resources/models/age_googlenet.mnn"
#     ],
#     "models": null,
#     "iterations": 100,
#     "learning_rate": 5.0,
#     "l_inf_norm": 30.0,
#     "lr_decay_rate": 0.97,
#     "lr_decay_steps": 50,
#     "missing_hook_penalty": 10.0,
#     "margin": 0.05,
#     "population_size": 200,
#     "sigma": 0.6,
#     "enable_stagnation_decay": true,
#     "stagnation_patience": 20,
#     "min_loss_delta": 0.001,
#     "enable_fitness_shaping": true,
#     "adam_beta1": 0.9,
#     "adam_beta2": 0.999,
#     "adam_epsilon": 1e-08,
#     "enable_dynamic_focus": true,
#     "evaluation_window": 10,
#     "boost_weight": 12.0,
#     "non_target_weight": 1.0,
#     "satisfied_weight": 3.0,
#     "satisfaction_threshold": 0.01,
#     "satisfaction_patience": 3,
#     "raw_args_template": null,
#     "workers": 64,
#     "output_dir": "/temp/outputs/age_googlenet_mnn_attack_results/185602_attacked",
#     "model_paths": [
#         "/temp/resources/models/age_googlenet.mnn"
#     ]
# }
# -----------------------

iteration,total_queries,loss,best_loss,lr,is_successful_iter,num_satisfied_hooks,total_hooks,attack_mode,focus_targets,hook_details,iter_time_s,total_time_s
1,202,40.704147,inf,5.000000,False,1,6,scouting,"None","",5.82,6.39
2,403,40.649564,40.704147,5.000000,False,1,6,scouting,"None","",5.82,12.98
3,604,40.587644,40.649564,5.000000,False,1,6,scouting,"None","",5.82,19.58
4,805,40.521541,40.587644,5.000000,False,1,6,scouting,"None","",5.74,26.11
5,1006,40.458265,40.521541,5.000000,False,1,6,scouting,"None","",5.79,32.69
6,1207,40.448929,40.458265,5.000000,False,1,6,scouting,"None","",5.77,39.23
7,1408,40.477941,40.448929,5.000000,False,1,6,scouting,"None","",5.90,45.92
8,1609,40.483858,40.448929,5.000000,False,1,6,scouting,"None","",5.74,51.66
9,1810,40.472909,40.448929,5.000000,False,1,6,scouting,"None","",5.86,57.52
10,2011,40.455500,40.448929,5.000000,False,1,6,scouting,"None","",5.75,63.28
11,2212,45.178333,40.448929,5.000000,False,1,6,focused_fire,"0x233c","",5.78,69.07
12,2413,45.119627,40.448929,5.000000,False,1,6,focused_fire,"0x233c","",5.74,74.81
13,2614,45.273834,40.448929,5.000000,False,1,6,focused_fire,"0x233c","",5.76,80.57
14,2815,45.336646,40.448929,5.000000,False,1,6,focused_fire,"0x233c","",5.72,86.29
15,3016,45.255191,40.448929,5.000000,False,1,6,focused_fire,"0x233c","",5.78,92.07
16,3217,45.116089,40.448929,5.000000,False,1,6,focused_fire,"0x233c","",5.79,97.86
17,3418,44.993874,40.448929,5.000000,False,1,6,focused_fire,"0x233c","",5.78,103.63
18,3619,45.074967,40.448929,5.000000,False,1,6,focused_fire,"0x233c","",5.85,109.49
19,3820,45.046164,40.448929,5.000000,False,1,6,focused_fire,"0x233c","",5.75,115.24
20,4021,44.973601,40.448929,5.000000,False,1,6,focused_fire,"0x233c","",5.81,121.05
21,4222,45.072403,40.448929,5.000000,False,1,6,focused_fire,"0x233c","",5.72,126.76
22,4423,45.107351,40.448929,5.000000,False,1,6,focused_fire,"0x233c","",5.78,132.55
23,4624,45.082699,40.448929,5.000000,False,1,6,focused_fire,"0x233c","",5.77,138.32
24,4825,44.995843,40.448929,5.000000,False,1,6,focused_fire,"0x233c","",5.78,144.11
25,5026,45.006901,40.448929,5.000000,False,1,6,focused_fire,"0x233c","",5.76,149.87
26,5227,45.046641,40.448929,5.000000,False,1,6,focused_fire,"0x233c","",5.78,155.65
27,5428,44.985375,40.448929,5.000000,False,1,6,focused_fire,"0x233c","",5.76,161.41
28,5629,44.964473,40.448929,5.000000,False,1,6,focused_fire,"0x233c","",5.75,167.16
29,5830,44.987904,40.448929,5.000000,False,1,6,focused_fire,"0x233c","",5.86,173.02
30,6031,44.955100,40.448929,5.000000,False,1,6,focused_fire,"0x233c","",5.75,178.78
31,6232,44.933329,40.448929,5.000000,False,1,6,focused_fire,"0x233c","",5.75,184.53
32,6433,44.929694,40.448929,5.000000,False,1,6,focused_fire,"0x233c","",5.75,190.29
33,6634,44.904784,40.448929,5.000000,False,1,6,focused_fire,"0x233c","",5.82,196.11
34,6835,44.881903,40.448929,5.000000,False,1,6,focused_fire,"0x233c","",5.73,201.85
35,7036,44.886094,40.448929,5.000000,False,1,6,focused_fire,"0x233c","",5.71,207.56
36,7237,44.844885,40.448929,5.000000,False,1,6,focused_fire,"0x233c","",5.80,213.37
37,7438,44.899681,40.448929,5.000000,False,1,6,focused_fire,"0x233c","",5.74,219.10
38,7639,44.908340,40.448929,5.000000,False,1,6,focused_fire,"0x233c","",5.76,224.86
39,7840,44.874669,40.448929,5.000000,False,1,6,focused_fire,"0x233c","",5.77,230.64
40,8041,44.798986,40.448929,5.000000,False,1,6,focused_fire,"0x233c","",5.77,236.41
41,8242,44.785823,40.448929,5.000000,False,1,6,focused_fire,"0x233c","",5.77,242.18
42,8443,44.796606,40.448929,5.000000,False,1,6,focused_fire,"0x233c","",5.84,248.02
43,8644,44.753641,40.448929,5.000000,False,1,6,focused_fire,"0x233c","",5.81,253.83
44,8845,44.747975,40.448929,5.000000,False,1,6,focused_fire,"0x233c","",5.75,259.59
45,9046,44.721354,40.448929,5.000000,False,1,6,focused_fire,"0x233c","",5.79,265.38
46,9247,44.739779,40.448929,5.000000,False,1,6,focused_fire,"0x233c","",5.78,271.16
47,9448,44.720345,40.448929,5.000000,False,1,6,focused_fire,"0x233c","",5.79,276.96
48,9649,44.654908,40.448929,5.000000,False,1,6,focused_fire,"0x233c","",5.79,282.75
49,9850,44.633967,40.448929,5.000000,False,1,6,focused_fire,"0x233c","",5.83,288.58
50,10051,44.642088,40.448929,5.000000,False,1,6,focused_fire,"0x233c","",5.75,294.33
51,10252,44.584411,40.448929,4.850000,False,1,6,focused_fire,"0x233c","",5.71,300.05
52,10453,44.560895,40.448929,4.850000,False,1,6,focused_fire,"0x233c","",5.88,305.93
53,10654,44.544152,40.448929,4.850000,False,1,6,focused_fire,"0x233c","",5.82,311.76
54,10855,44.514758,40.448929,4.850000,False,1,6,focused_fire,"0x233c","",5.81,317.57
55,11056,44.518151,40.448929,4.850000,False,1,6,focused_fire,"0x233c","",5.76,323.34
56,11257,44.495027,40.448929,4.850000,False,1,6,focused_fire,"0x233c","",5.79,329.13
57,11458,44.472156,40.448929,4.850000,False,1,6,focused_fire,"0x233c","",5.76,334.89
58,11659,44.439532,40.448929,4.850000,False,1,6,focused_fire,"0x233c","",5.82,340.72
59,11860,44.506510,40.448929,4.850000,False,1,6,focused_fire,"0x233c","",5.72,346.44
60,12061,44.496873,40.448929,4.850000,False,1,6,focused_fire,"0x233c","",5.87,352.31
61,12262,44.443864,40.448929,4.850000,False,1,6,focused_fire,"0x233c","",5.78,358.10
62,12463,44.385052,40.448929,4.850000,False,1,6,focused_fire,"0x233c","",5.78,363.89
63,12664,44.404133,40.448929,4.850000,False,1,6,focused_fire,"0x233c","",5.90,369.79
64,12865,44.340390,40.448929,4.850000,False,1,6,focused_fire,"0x233c","",5.79,375.58
65,13066,44.367489,40.448929,4.850000,False,1,6,focused_fire,"0x233c","",5.88,381.46
66,13267,44.363281,40.448929,4.850000,False,1,6,focused_fire,"0x233c","",5.79,387.25
67,13468,44.331097,40.448929,4.850000,False,1,6,focused_fire,"0x233c","",5.80,393.05
68,13669,44.291277,40.448929,4.850000,False,1,6,focused_fire,"0x233c","",5.78,398.83
69,13870,44.271811,40.448929,4.850000,False,1,6,focused_fire,"0x233c","",5.81,404.64
70,14071,44.265181,40.448929,4.850000,False,1,6,focused_fire,"0x233c","",5.83,410.47
71,14272,44.243521,40.448929,4.850000,False,1,6,focused_fire,"0x233c","",5.78,416.26
72,14473,44.244309,40.448929,4.850000,False,1,6,focused_fire,"0x233c","",5.76,422.02
73,14674,44.214773,40.448929,4.850000,False,1,6,focused_fire,"0x233c","",5.76,427.78
74,14875,44.231961,40.448929,4.850000,False,1,6,focused_fire,"0x233c","",5.80,433.58
75,15076,44.244897,40.448929,4.850000,False,1,6,focused_fire,"0x233c","",5.72,439.31
76,15277,44.209807,40.448929,4.850000,False,1,6,focused_fire,"0x233c","",5.85,445.17
77,15478,44.211954,40.448929,4.850000,False,1,6,focused_fire,"0x233c","",5.81,450.98
78,15679,44.200569,40.448929,4.850000,False,1,6,focused_fire,"0x233c","",5.75,456.73
79,15880,44.174717,40.448929,4.850000,False,1,6,focused_fire,"0x233c","",5.78,462.51
80,16081,44.170662,40.448929,4.850000,False,1,6,focused_fire,"0x233c","",5.80,468.32
81,16282,44.157532,40.448929,4.850000,False,1,6,focused_fire,"0x233c","",5.89,474.21
82,16483,44.133974,40.448929,4.850000,False,1,6,focused_fire,"0x233c","",5.85,480.06
83,16684,44.156910,40.448929,4.850000,False,1,6,focused_fire,"0x233c","",5.70,485.76
84,16885,44.144370,40.448929,4.850000,False,1,6,focused_fire,"0x233c","",5.78,491.54
85,17086,44.110498,40.448929,4.850000,False,1,6,focused_fire,"0x233c","",5.82,497.37
86,17287,44.099312,40.448929,4.850000,False,1,6,focused_fire,"0x233c","",5.72,503.09
87,17488,44.106942,40.448929,4.850000,False,1,6,focused_fire,"0x233c","",5.79,508.88
88,17689,44.096820,40.448929,4.850000,False,1,6,focused_fire,"0x233c","",5.84,514.72
89,17890,44.096275,40.448929,4.850000,False,1,6,focused_fire,"0x233c","",5.82,520.54
90,18091,44.076179,40.448929,4.850000,False,1,6,focused_fire,"0x233c","",5.76,526.31
91,18292,44.041135,40.448929,4.850000,False,1,6,focused_fire,"0x233c","",5.81,532.12
92,18493,44.043724,40.448929,4.850000,False,1,6,focused_fire,"0x233c","",5.88,538.00
93,18694,44.007149,40.448929,4.850000,False,1,6,focused_fire,"0x233c","",5.76,543.77
94,18895,44.004511,40.448929,4.850000,False,1,6,focused_fire,"0x233c","",5.76,549.53
95,19096,43.999364,40.448929,4.850000,False,1,6,focused_fire,"0x233c","",5.74,555.27
96,19297,43.962069,40.448929,4.850000,False,1,6,focused_fire,"0x233c","",5.81,561.09
97,19498,43.956325,40.448929,4.850000,False,1,6,focused_fire,"0x233c","",5.75,566.84
98,19699,43.933972,40.448929,4.850000,False,1,6,focused_fire,"0x233c","",5.74,572.59
99,19900,43.907398,40.448929,4.850000,False,1,6,focused_fire,"0x233c","",5.75,578.34
100,20101,43.891199,40.448929,4.850000,False,1,6,focused_fire,"0x233c","{"0x2318": {"loss": 10.0, "satisfied": false}, "0x2324": {"loss": 10.0, "satisfied": false}, "0x233c": {"loss": 0.324267, "satisfied": false}, "0x2348": {"loss": 10.0, "satisfied": false}, "0x2358": {"loss": 0.0, "satisfied": true}, "0x2364": {"loss": 10.0, "satisfied": false}}",5.80,584.15
