# --- Attack Parameters ---
# {
#     "executable": "./resources/execution_files/age_googlenet_mnn",
#     "image": "/img_align_celeba/101264.jpg",
#     "hooks": "/temp/hook_config/age_googlenet_mnn_hook_config.json",
#     "model": [
#         "/temp/resources/models/age_googlenet.mnn"
#     ],
#     "models": null,
#     "iterations": 100,
#     "learning_rate": 5.0,
#     "l_inf_norm": 30.0,
#     "lr_decay_rate": 0.97,
#     "lr_decay_steps": 50,
#     "missing_hook_penalty": 10.0,
#     "margin": 0.05,
#     "population_size": 200,
#     "sigma": 0.6,
#     "enable_stagnation_decay": true,
#     "stagnation_patience": 20,
#     "min_loss_delta": 0.001,
#     "enable_fitness_shaping": true,
#     "adam_beta1": 0.9,
#     "adam_beta2": 0.999,
#     "adam_epsilon": 1e-08,
#     "enable_dynamic_focus": true,
#     "evaluation_window": 10,
#     "boost_weight": 12.0,
#     "non_target_weight": 1.0,
#     "satisfied_weight": 3.0,
#     "satisfaction_threshold": 0.01,
#     "satisfaction_patience": 3,
#     "raw_args_template": null,
#     "workers": 64,
#     "output_dir": "/temp/outputs/age_googlenet_mnn_attack_results/101264_attacked",
#     "model_paths": [
#         "/temp/resources/models/age_googlenet.mnn"
#     ]
# }
# -----------------------

iteration,total_queries,loss,best_loss,lr,is_successful_iter,num_satisfied_hooks,total_hooks,attack_mode,focus_targets,hook_details,iter_time_s,total_time_s
1,202,40.521724,inf,5.000000,False,1,6,scouting,"None","",5.78,6.34
2,403,40.459603,40.521724,5.000000,False,1,6,scouting,"None","",5.87,12.98
3,604,40.396556,40.459603,5.000000,False,1,6,scouting,"None","",5.74,19.51
4,805,40.338107,40.396556,5.000000,False,1,6,scouting,"None","",5.69,25.98
5,1006,40.353964,40.338107,5.000000,False,1,6,scouting,"None","",5.76,32.50
6,1207,40.369447,40.338107,5.000000,False,1,6,scouting,"None","",5.75,38.26
7,1408,40.372258,40.338107,5.000000,False,1,6,scouting,"None","",5.73,43.99
8,1609,40.362589,40.338107,5.000000,False,1,6,scouting,"None","",5.72,49.71
9,1810,40.345623,40.338107,5.000000,False,1,6,scouting,"None","",5.76,55.47
10,2011,40.326895,40.338107,5.000000,False,1,6,scouting,"None","",5.70,61.18
11,2212,43.660998,40.326895,5.000000,False,1,6,focused_fire,"0x233c","",5.78,67.75
12,2413,43.895685,40.326895,5.000000,False,1,6,focused_fire,"0x233c","",5.74,73.49
13,2614,44.070917,40.326895,5.000000,False,1,6,focused_fire,"0x233c","",5.76,79.26
14,2815,44.130172,40.326895,5.000000,False,1,6,focused_fire,"0x233c","",5.80,85.06
15,3016,44.106468,40.326895,5.000000,False,1,6,focused_fire,"0x233c","",5.86,90.92
16,3217,43.995440,40.326895,5.000000,False,1,6,focused_fire,"0x233c","",5.76,96.68
17,3418,43.858615,40.326895,5.000000,False,1,6,focused_fire,"0x233c","",5.78,102.47
18,3619,43.656917,40.326895,5.000000,False,1,6,focused_fire,"0x233c","",5.80,108.27
19,3820,43.446546,40.326895,5.000000,False,1,6,focused_fire,"0x233c","",5.75,114.02
20,4021,43.479142,40.326895,5.000000,False,1,6,focused_fire,"0x233c","",5.77,119.79
21,4222,43.514650,40.326895,5.000000,False,1,6,focused_fire,"0x233c","",5.83,125.62
22,4423,43.497796,40.326895,5.000000,False,1,6,focused_fire,"0x233c","",5.75,131.37
23,4624,43.441929,40.326895,5.000000,False,1,6,focused_fire,"0x233c","",5.70,137.07
24,4825,43.347471,40.326895,5.000000,False,1,6,focused_fire,"0x233c","",5.68,142.75
25,5026,43.231928,40.326895,5.000000,False,1,6,focused_fire,"0x233c","",5.81,148.56
26,5227,43.156120,40.326895,5.000000,False,1,6,focused_fire,"0x233c","",5.73,154.30
27,5428,43.177754,40.326895,5.000000,False,1,6,focused_fire,"0x233c","",5.76,160.06
28,5629,43.155365,40.326895,5.000000,False,1,6,focused_fire,"0x233c","",5.80,165.86
29,5830,43.082516,40.326895,5.000000,False,1,6,focused_fire,"0x233c","",5.71,171.57
30,6031,43.003594,40.326895,5.000000,False,1,6,focused_fire,"0x233c","",5.72,177.30
31,6232,43.006212,40.326895,5.000000,False,1,6,focused_fire,"0x233c","",5.70,183.00
32,6433,42.989149,40.326895,5.000000,False,1,6,focused_fire,"0x233c","",5.73,188.74
33,6634,42.955320,40.326895,5.000000,False,1,6,focused_fire,"0x233c","",5.78,194.52
34,6835,42.876676,40.326895,5.000000,False,1,6,focused_fire,"0x233c","",5.74,200.27
35,7036,42.847865,40.326895,5.000000,False,1,6,focused_fire,"0x233c","",5.73,206.00
36,7237,42.844039,40.326895,5.000000,False,1,6,focused_fire,"0x233c","",5.66,211.66
37,7438,42.811180,40.326895,5.000000,False,1,6,focused_fire,"0x233c","",5.77,217.44
38,7639,42.755825,40.326895,5.000000,False,1,6,focused_fire,"0x233c","",5.73,223.17
39,7840,42.661935,40.326895,5.000000,False,1,6,focused_fire,"0x233c","",5.71,228.88
40,8041,42.626497,40.326895,5.000000,False,1,6,focused_fire,"0x233c","",5.70,234.59
41,8242,42.576885,40.326895,5.000000,False,1,6,focused_fire,"0x233c","",5.74,240.32
42,8443,42.501847,40.326895,5.000000,False,1,6,focused_fire,"0x233c","",5.80,246.12
43,8644,42.500482,40.326895,5.000000,False,1,6,focused_fire,"0x233c","",5.71,251.84
44,8845,42.478193,40.326895,5.000000,False,1,6,focused_fire,"0x233c","",5.78,257.62
45,9046,42.408486,40.326895,5.000000,False,1,6,focused_fire,"0x233c","",5.74,263.36
46,9247,42.321577,40.326895,5.000000,False,1,6,focused_fire,"0x233c","",5.73,269.09
47,9448,42.271248,40.326895,5.000000,False,1,6,focused_fire,"0x233c","",5.81,274.91
48,9649,42.237815,40.326895,5.000000,False,1,6,focused_fire,"0x233c","",5.79,280.70
49,9850,42.169977,40.326895,5.000000,False,1,6,focused_fire,"0x233c","",5.80,286.51
50,10051,42.089899,40.326895,5.000000,False,1,6,focused_fire,"0x233c","",5.78,292.29
51,10252,42.042519,40.326895,4.850000,False,1,6,focused_fire,"0x233c","",5.91,298.21
52,10453,41.972897,40.326895,4.850000,False,1,6,focused_fire,"0x233c","",5.80,304.01
53,10654,41.919282,40.326895,4.850000,False,1,6,focused_fire,"0x233c","",5.75,309.76
54,10855,41.854321,40.326895,4.850000,False,1,6,focused_fire,"0x233c","",5.73,315.48
55,11056,41.780195,40.326895,4.850000,False,1,6,focused_fire,"0x233c","",5.76,321.24
56,11257,41.694717,40.326895,4.850000,False,1,6,focused_fire,"0x233c","",5.70,326.95
57,11458,41.623703,40.326895,4.850000,False,1,6,focused_fire,"0x233c","",5.72,332.67
58,11659,41.550661,40.326895,4.850000,False,1,6,focused_fire,"0x233c","",5.79,338.46
59,11860,41.477947,40.326895,4.850000,False,1,6,focused_fire,"0x233c","",5.74,344.20
60,12061,41.382564,40.326895,4.850000,False,1,6,focused_fire,"0x233c","",5.78,349.98
61,12262,41.315414,40.326895,4.850000,False,1,6,focused_fire,"0x233c","",5.68,355.67
62,12463,41.232846,40.326895,4.850000,False,1,6,focused_fire,"0x233c","",5.74,361.41
63,12664,41.124444,40.326895,4.850000,False,1,6,focused_fire,"0x233c","",5.77,367.17
64,12865,41.037220,40.326895,4.850000,False,1,6,focused_fire,"0x233c","",5.81,372.98
65,13066,40.949395,40.326895,4.850000,False,1,6,focused_fire,"0x233c","",5.73,378.72
66,13267,40.845790,40.326895,4.850000,False,1,6,focused_fire,"0x233c","",5.72,384.44
67,13468,40.724731,40.326895,4.850000,False,1,6,focused_fire,"0x233c","",5.67,390.11
68,13669,40.612143,40.326895,4.850000,False,1,6,focused_fire,"0x233c","",5.75,395.86
69,13870,30.818734,40.326895,4.850000,False,1,6,focused_fire,"0x233c","",5.78,401.64
70,14071,30.690843,30.818734,4.850000,False,1,6,focused_fire,"0x233c","",5.82,408.24
71,14272,30.567103,30.690843,4.850000,False,1,6,focused_fire,"0x233c","",5.79,414.82
72,14473,30.446305,30.567103,4.850000,False,1,6,focused_fire,"0x233c","",5.74,421.34
73,14674,30.332505,30.446305,4.850000,False,2,6,focused_fire,"0x233c","",5.69,427.81
74,14875,30.270014,30.332505,4.850000,False,2,6,focused_fire,"0x233c","",5.75,434.34
75,15076,30.260281,30.270014,4.850000,False,2,6,focused_fire,"0x233c","",5.71,440.84
76,15277,30.250203,30.260281,4.850000,False,2,6,scouting,"None","",5.79,447.39
77,15478,30.239618,30.250203,4.850000,False,2,6,scouting,"None","",5.71,453.87
78,15679,30.229400,30.239618,4.850000,False,2,6,scouting,"None","",5.77,460.42
79,15880,30.219183,30.229400,4.850000,False,2,6,scouting,"None","",5.78,466.98
80,16081,30.208218,30.219183,4.850000,False,2,6,scouting,"None","",5.79,473.56
81,16282,30.197362,30.208218,4.850000,False,2,6,scouting,"None","",5.79,480.13
82,16483,30.186261,30.197362,4.850000,False,2,6,scouting,"None","",5.74,486.64
83,16684,30.174645,30.186261,4.850000,False,2,6,scouting,"None","",5.73,493.16
84,16885,30.164170,30.174645,4.850000,False,2,6,scouting,"None","",5.78,499.72
85,17086,30.152925,30.164170,4.850000,False,2,6,scouting,"None","",5.91,506.41
86,17287,31.623090,30.152925,4.850000,False,2,6,focused_fire,"0x2364","",5.72,512.90
87,17488,31.490594,30.152925,4.850000,False,2,6,focused_fire,"0x2364","",5.80,518.70
88,17689,31.366013,30.152925,4.850000,False,2,6,focused_fire,"0x2364","",5.80,524.51
89,17890,31.232207,30.152925,4.850000,False,2,6,focused_fire,"0x2364","",5.77,530.28
90,18091,31.110246,30.152925,4.850000,False,2,6,focused_fire,"0x2364","",5.74,536.01
91,18292,30.980928,30.152925,4.850000,False,2,6,focused_fire,"0x2364","",5.73,541.75
92,18493,30.857715,30.152925,4.850000,False,2,6,focused_fire,"0x2364","",5.84,547.59
93,18694,30.732464,30.152925,4.850000,False,2,6,focused_fire,"0x2364","",5.74,553.33
94,18895,30.610660,30.152925,4.850000,False,2,6,focused_fire,"0x2364","",5.76,559.10
95,19096,30.499789,30.152925,4.850000,True,2,6,focused_fire,"0x2364","{"0x2318": {"loss": 10.0, "satisfied": false}, "0x2324": {"loss": 10.0, "satisfied": false}, "0x233c": {"loss": 0.0, "satisfied": true}, "0x2348": {"loss": 10.0, "satisfied": false}, "0x2358": {"loss": 0.0025, "satisfied": true}, "0x2364": {"loss": 0.041024, "satisfied": false}}",5.76,564.86
