iteration,total_queries,loss,iter_time_s,total_time_s
1,202,20.688121,4.83,5.29
2,403,20.662333,4.78,10.65
3,604,20.656401,4.76,15.98
4,805,20.651160,4.82,21.38
5,1006,20.643829,4.81,26.77
6,1207,23.809224,4.74,32.09
7,1408,23.765249,4.84,36.93
8,1609,23.718892,4.78,41.72
9,1810,23.680435,4.79,46.51
10,2011,23.637282,4.75,51.26
11,2212,23.590109,4.84,56.11
12,2413,23.559550,4.81,60.92
13,2614,23.530690,4.78,65.70
14,2815,23.485960,4.79,70.49
15,3016,23.439726,4.69,75.19
16,3217,23.396074,4.80,79.99
17,3418,23.338942,4.76,84.76
18,3619,23.300568,4.80,89.56
19,3820,23.258298,4.83,94.39
20,4021,23.216801,4.79,99.19
21,4222,23.162483,4.85,104.04
22,4423,23.113776,4.80,108.84
23,4624,23.058142,4.76,113.61
24,4825,23.005089,4.77,118.38
25,5026,22.943071,4.78,123.17
26,5227,22.881991,4.76,127.93
27,5428,22.840269,4.75,132.69
28,5629,22.798442,4.73,137.42
29,5830,22.747376,4.78,142.21
30,6031,22.697746,4.78,146.99
31,6232,22.652428,4.80,151.79
32,6433,22.610919,4.75,156.55
33,6634,22.564064,4.74,161.29
34,6835,22.525230,4.79,166.08
35,7036,22.483175,4.78,170.86
36,7237,22.446247,4.71,175.57
37,7438,22.419388,4.85,180.42
38,7639,22.384256,4.74,185.17
39,7840,22.349450,4.75,189.92
40,8041,22.311016,4.78,194.71
41,8242,22.270818,4.74,199.45
42,8443,22.242357,4.70,204.15
43,8644,22.210699,4.79,208.95
44,8845,22.177858,4.79,213.74
45,9046,22.134750,4.84,218.58
46,9247,22.099635,4.75,223.33
47,9448,22.068484,4.85,228.18
48,9649,22.018646,4.76,232.94
49,9850,21.990901,4.84,237.78
50,10051,21.952533,4.72,242.51
51,10252,21.924429,4.74,247.25
52,10453,21.889544,4.78,252.03
53,10654,21.858347,4.71,256.74
54,10855,21.824460,4.82,261.57
55,11056,21.797074,4.83,266.40
56,11257,21.759423,4.81,271.21
57,11458,21.734259,4.76,275.97
58,11659,21.707715,4.74,280.72
59,11860,21.674054,4.76,285.48
60,12061,21.652500,4.80,290.29
61,12262,21.613918,4.76,295.05
62,12463,21.579720,4.77,299.83
63,12664,21.553349,4.81,304.64
64,12865,21.542023,4.75,309.39
65,13066,21.519175,4.81,314.20
66,13267,21.494741,4.79,318.99
67,13468,21.475814,4.73,323.73
68,13669,21.448228,4.71,328.44
69,13870,21.419823,4.84,333.28
70,14071,21.402082,4.85,338.13
71,14272,21.390502,4.70,342.83
72,14473,21.373809,4.80,347.63
73,14674,21.355373,4.75,352.38
74,14875,21.331284,4.75,357.14
75,15076,21.315846,4.79,361.92
76,15277,21.291411,4.80,366.73
77,15478,21.271472,4.79,371.52
78,15679,21.254317,4.79,376.31
79,15880,21.235938,4.85,381.17
80,16081,21.222253,4.79,385.96
81,16282,21.200098,4.76,390.72
82,16483,21.190935,4.73,395.46
83,16684,21.175385,4.75,400.21
84,16885,21.149864,4.82,405.03
85,17086,21.135839,4.77,409.80
86,17287,21.118446,4.76,414.57
87,17488,21.106084,4.77,419.34
88,17689,21.088832,4.83,424.18
89,17890,21.082489,4.89,429.06
90,18091,21.063242,4.81,433.88
91,18292,21.059043,4.73,438.61
92,18493,21.043718,4.74,443.35
93,18694,21.035719,4.75,448.10
94,18895,21.013989,4.82,452.93
95,19096,21.011121,4.80,457.73
96,19297,20.991524,4.80,462.53
97,19498,20.984341,4.82,467.35
98,19699,20.991053,4.79,472.14
99,19900,20.960127,4.80,476.94
100,20101,20.940329,4.78,481.73
101,20302,20.934470,4.72,486.45
102,20503,20.926147,4.82,491.27
103,20704,20.908324,4.85,496.13
104,20905,20.894489,4.74,500.87
105,21106,20.881945,4.73,505.61
106,21307,20.879075,4.88,510.49
107,21508,20.860458,4.77,515.26
108,21709,20.839841,4.75,520.02
109,21910,20.824574,4.77,524.79
110,22111,20.808825,4.77,529.57
111,22312,20.795875,4.79,534.36
112,22513,20.783099,4.75,539.12
113,22714,20.776985,4.78,543.89
114,22915,20.769955,4.84,548.73
115,23116,20.759067,4.80,553.53
116,23317,20.745697,4.78,558.32
117,23518,20.736619,4.80,563.12
118,23719,20.718277,4.84,567.96
119,23920,20.710755,4.75,572.70
120,24121,20.699188,4.75,577.46
121,24322,20.685155,4.76,582.22
122,24523,20.674689,4.75,586.97
123,24724,20.666461,4.76,591.73
124,24925,20.655629,4.76,596.49
125,25126,20.644728,4.77,601.27
126,25327,20.634311,4.77,606.04
127,25528,20.634329,4.80,611.42
128,25729,20.619694,4.76,616.18
129,25930,20.611277,4.80,621.56
130,26131,20.603273,4.84,626.97
131,26332,20.590470,4.76,632.30
132,26533,20.584445,4.79,637.67
133,26734,20.572442,4.75,643.00
134,26935,20.562995,4.86,648.43
135,27136,20.556033,4.82,653.83
136,27337,20.545474,4.80,659.20
137,27538,20.538070,4.78,664.56
138,27739,20.525926,4.79,669.93
139,27940,20.518842,4.75,675.25
140,28141,20.510074,4.79,680.62
141,28342,20.502188,4.85,686.05
142,28543,20.491322,4.76,691.38
143,28744,20.484176,4.70,696.67
144,28945,20.475870,4.82,702.07
145,29146,20.469144,4.76,707.41
146,29347,20.462311,4.81,712.79
147,29548,20.449386,4.81,718.17
148,29749,20.445726,4.79,723.55
149,29950,20.434563,4.75,728.88
150,30151,20.426373,4.83,734.28
151,30352,20.419137,4.76,739.62
152,30553,20.414229,4.77,744.97
153,30754,20.405519,4.78,750.33
154,30955,20.405308,4.81,755.71
155,31156,20.398115,4.73,761.02
156,31357,20.387747,4.82,766.42
157,31558,20.382397,4.78,771.79
158,31759,20.377350,4.74,777.09
159,31960,20.367862,4.85,782.52
160,32161,20.361037,4.79,787.87
161,32362,20.351857,4.76,793.20
162,32563,20.350298,4.75,798.53
163,32764,20.339381,4.76,803.86
164,32965,20.336871,4.78,809.20
165,33166,20.331283,4.76,814.53
166,33367,20.322408,4.73,819.84
167,33568,20.320461,4.69,825.10
168,33769,20.308508,4.79,830.47
169,33970,20.300943,4.80,835.85
170,34171,20.292257,4.82,841.24
171,34372,20.285479,4.74,846.56
172,34573,20.278305,4.76,851.89
173,34774,20.283301,4.84,857.31
174,34975,20.273673,4.77,862.08
175,35176,20.264687,4.80,867.45
176,35377,20.262892,4.78,872.81
177,35578,20.259276,4.77,878.15
178,35779,20.248789,4.75,883.47
179,35980,20.244639,4.82,888.86
180,36181,20.239074,4.83,894.28
181,36382,20.239393,4.78,899.62
182,36583,20.231304,4.70,904.32
183,36784,20.223649,4.75,909.65
184,36985,20.223491,4.71,914.93
185,37186,20.217333,4.79,920.29
186,37387,20.212498,4.79,925.65
187,37588,20.214258,4.71,930.94
188,37789,20.203407,4.81,935.75
189,37990,20.198344,4.80,941.12
190,38191,20.201872,4.69,946.38
191,38392,20.191272,4.83,951.22
192,38593,20.193198,4.78,956.57
193,38794,20.190898,4.77,961.34
194,38995,20.191068,4.76,966.68
195,39196,20.183637,4.84,971.53
196,39397,20.174126,4.76,976.86
197,39598,20.166852,4.68,982.11
198,39799,20.166649,4.77,987.45
199,40000,20.162066,4.75,992.77
200,40201,20.159524,4.78,998.13
201,40402,20.156568,4.74,1003.44
202,40603,20.150855,4.83,1008.86
203,40804,20.148256,4.78,1014.20
204,41005,20.141082,4.75,1019.52
205,41206,20.134413,4.80,1024.90
206,41407,20.137370,4.76,1030.23
207,41608,20.131169,4.77,1035.01
208,41809,20.129417,4.74,1040.32
209,42010,20.128334,4.69,1045.58
210,42211,20.122237,4.75,1050.90
211,42412,20.132279,4.82,1056.29
212,42613,20.119784,4.81,1061.10
213,42814,20.115083,4.81,1066.49
214,43015,20.112085,4.83,1071.90
215,43216,20.111777,4.83,1077.31
216,43417,20.109951,4.80,1082.69
217,43618,20.103896,4.81,1088.08
218,43819,20.102448,4.79,1093.43
219,44020,20.097162,4.78,1098.78
220,44221,20.098475,4.85,1104.21
221,44422,20.087048,4.85,1109.06
222,44623,20.082099,4.76,1114.40
223,44824,20.076316,4.77,1119.75
224,45025,20.067841,4.68,1125.01
225,45226,20.061239,4.84,1130.43
226,45427,0.140508,4.77,1135.76
