# --- Attack Parameters ---
# {
#     "executable": "./resources/execution_files/age_googlenet_mnn",
#     "image": "/img_align_celeba/085170.jpg",
#     "hooks": "/model_deploy_execution_attack_for_pipeline/hook_config/age_googlenet_mnn_hook_config.json",
#     "model": [
#         "/model_deploy_execution_attack_for_pipeline/resources/models/age_googlenet.mnn"
#     ],
#     "models": null,
#     "iterations": 100,
#     "learning_rate": 5.0,
#     "l_inf_norm": 30.0,
#     "lr_decay_rate": 0.97,
#     "lr_decay_steps": 50,
#     "missing_hook_penalty": 10.0,
#     "margin": 0.05,
#     "population_size": 200,
#     "sigma": 0.6,
#     "enable_stagnation_decay": true,
#     "stagnation_patience": 20,
#     "min_loss_delta": 0.001,
#     "enable_fitness_shaping": true,
#     "adam_beta1": 0.9,
#     "adam_beta2": 0.999,
#     "adam_epsilon": 1e-08,
#     "enable_dynamic_focus": true,
#     "evaluation_window": 10,
#     "boost_weight": 12.0,
#     "non_target_weight": 1.0,
#     "satisfied_weight": 3.0,
#     "satisfaction_threshold": 0.01,
#     "satisfaction_patience": 3,
#     "raw_args_template": null,
#     "workers": 64,
#     "output_dir": "/model_deploy_execution_attack_for_pipeline/outputs/age_googlenet_mnn_attack_results/085170_attacked",
#     "model_paths": [
#         "/model_deploy_execution_attack_for_pipeline/resources/models/age_googlenet.mnn"
#     ]
# }
# -----------------------

iteration,total_queries,loss,best_loss,lr,is_successful_iter,num_satisfied_hooks,total_hooks,attack_mode,focus_targets,hook_details,iter_time_s,total_time_s
1,202,40.783131,inf,5.000000,False,1,6,scouting,"None","",5.87,6.43
2,403,40.757309,40.783131,5.000000,False,1,6,scouting,"None","",5.75,12.96
3,604,40.729324,40.757309,5.000000,False,1,6,scouting,"None","",5.78,19.52
4,805,40.698503,40.729324,5.000000,False,1,6,scouting,"None","",5.76,26.06
5,1006,40.666131,40.698503,5.000000,False,1,6,scouting,"None","",5.69,32.52
6,1207,40.631104,40.666131,5.000000,False,1,6,scouting,"None","",5.73,39.05
7,1408,40.593501,40.631104,5.000000,False,1,6,scouting,"None","",5.89,45.72
8,1609,40.561436,40.593501,5.000000,False,1,6,scouting,"None","",5.75,52.25
9,1810,40.531098,40.561436,5.000000,False,1,6,scouting,"None","",5.70,58.73
10,2011,40.501853,40.531098,5.000000,False,1,6,scouting,"None","",5.79,65.30
11,2212,45.681277,40.501853,5.000000,False,1,6,focused_fire,"0x233c","",5.78,71.87
12,2413,45.342658,40.501853,5.000000,False,1,6,focused_fire,"0x233c","",5.76,77.63
13,2614,44.994697,40.501853,5.000000,False,1,6,focused_fire,"0x233c","",5.80,83.44
14,2815,44.659807,40.501853,5.000000,False,1,6,focused_fire,"0x233c","",5.76,89.21
15,3016,44.318012,40.501853,5.000000,False,1,6,focused_fire,"0x233c","",5.86,95.07
16,3217,43.992434,40.501853,5.000000,False,1,6,focused_fire,"0x233c","",5.83,100.90
17,3418,43.681337,40.501853,5.000000,False,1,6,focused_fire,"0x233c","",5.75,106.65
18,3619,43.405728,40.501853,5.000000,False,1,6,focused_fire,"0x233c","",5.78,112.43
19,3820,43.104802,40.501853,5.000000,False,1,6,focused_fire,"0x233c","",5.75,118.18
20,4021,42.827234,40.501853,5.000000,False,1,6,focused_fire,"0x233c","",5.75,123.94
21,4222,42.537545,40.501853,5.000000,False,1,6,focused_fire,"0x233c","",5.82,129.76
22,4423,42.226420,40.501853,5.000000,False,1,6,focused_fire,"0x233c","",5.87,135.64
23,4624,41.893620,40.501853,5.000000,False,1,6,focused_fire,"0x233c","",5.89,141.52
24,4825,41.618185,40.501853,5.000000,False,1,6,focused_fire,"0x233c","",5.78,147.31
25,5026,41.315053,40.501853,5.000000,False,1,6,focused_fire,"0x233c","",5.77,153.08
26,5227,41.033172,40.501853,5.000000,False,1,6,focused_fire,"0x233c","",5.84,158.93
27,5428,40.748779,40.501853,5.000000,False,1,6,focused_fire,"0x233c","",5.77,164.70
28,5629,30.458082,40.501853,5.000000,False,2,6,focused_fire,"0x233c","",5.78,170.48
29,5830,30.216710,30.458082,5.000000,False,2,6,focused_fire,"0x233c","",5.77,177.03
30,6031,30.009034,30.216710,5.000000,False,3,6,focused_fire,"0x233c","",5.86,183.68
31,6232,30.007500,30.009034,5.000000,False,3,6,focused_fire,"0x233c","",5.75,190.20
32,6433,30.007500,30.007500,5.000000,False,3,6,focused_fire,"0x233c","",5.99,197.00
33,6634,30.007500,30.007500,5.000000,False,3,6,scouting,"None","",5.74,202.74
34,6835,30.007500,30.007500,5.000000,False,3,6,scouting,"None","",5.79,208.53
35,7036,30.007500,30.007500,5.000000,False,3,6,scouting,"None","",5.77,214.31
36,7237,30.007500,30.007500,5.000000,False,3,6,scouting,"None","",5.82,220.13
37,7438,30.007500,30.007500,5.000000,False,3,6,scouting,"None","",5.77,225.91
38,7639,30.007500,30.007500,5.000000,False,3,6,scouting,"None","",5.78,231.69
39,7840,30.007500,30.007500,5.000000,False,3,6,scouting,"None","",5.84,237.53
40,8041,30.007500,30.007500,5.000000,False,3,6,scouting,"None","",5.80,243.33
41,8242,30.007500,30.007500,5.000000,False,3,6,scouting,"None","",5.73,249.07
42,8443,30.007500,30.007500,5.000000,False,3,6,scouting,"None","",5.83,254.90
43,8644,30.007500,30.007500,5.000000,False,3,6,scouting,"None","",5.76,260.67
44,8845,30.007500,30.007500,5.000000,False,3,6,scouting,"None","",5.75,266.42
45,9046,30.023195,30.007500,5.000000,False,3,6,scouting,"None","",5.77,272.19
46,9247,30.055234,30.007500,5.000000,False,2,6,scouting,"None","",5.74,277.94
47,9448,30.079554,30.007500,5.000000,False,2,6,scouting,"None","",5.75,283.69
48,9649,30.108267,30.007500,5.000000,False,2,6,scouting,"None","",5.82,289.51
49,9850,30.140261,30.007500,5.000000,False,2,6,scouting,"None","",5.75,295.27
50,10051,30.148712,30.007500,5.000000,False,2,6,scouting,"None","",5.72,300.99
51,10252,30.154132,30.007500,4.850000,False,2,6,scouting,"None","",5.67,306.66
52,10453,30.139844,30.007500,4.850000,False,2,6,scouting,"None","",5.81,312.47
53,10654,30.121292,30.007500,4.850000,False,2,6,scouting,"None","",5.92,318.40
54,10855,30.101441,30.007500,4.850000,False,2,6,scouting,"None","",5.88,324.28
55,11056,30.091352,30.007500,4.850000,False,2,6,scouting,"None","",5.83,330.11
56,11257,30.099418,30.007500,4.850000,False,2,6,scouting,"None","",5.79,335.90
57,11458,30.099754,30.007500,4.850000,False,2,6,scouting,"None","",5.81,341.71
58,11659,30.112388,30.007500,4.850000,False,2,6,scouting,"None","",5.79,347.51
59,11860,30.120155,30.007500,4.850000,False,2,6,scouting,"None","",5.72,353.23
60,12061,30.127888,30.007500,4.850000,False,2,6,scouting,"None","",5.84,359.08
61,12262,30.112088,30.007500,4.850000,False,2,6,scouting,"None","",5.82,364.90
62,12463,30.107157,30.007500,4.850000,False,2,6,scouting,"None","",5.74,370.65
63,12664,30.109800,30.007500,4.850000,False,2,6,scouting,"None","",5.73,376.39
64,12865,30.107823,30.007500,4.850000,False,2,6,scouting,"None","",5.78,382.17
65,13066,30.123913,30.007500,4.850000,False,2,6,scouting,"None","",5.75,387.93
66,13267,30.128500,30.007500,4.850000,False,2,6,scouting,"None","",5.73,393.66
67,13468,30.121298,30.007500,4.850000,False,2,6,scouting,"None","",5.75,399.42
68,13669,30.112495,30.007500,4.850000,False,2,6,scouting,"None","",5.76,405.18
69,13870,30.099826,30.007500,4.850000,False,2,6,scouting,"None","",5.78,410.97
70,14071,30.101006,30.007500,4.850000,False,2,6,scouting,"None","",5.80,416.77
71,14272,30.097497,30.007500,4.704500,False,2,6,scouting,"None","",5.85,422.62
72,14473,30.107723,30.007500,4.704500,False,2,6,scouting,"None","",5.75,428.38
73,14674,30.117772,30.007500,4.704500,False,2,6,scouting,"None","",5.81,434.19
74,14875,30.132101,30.007500,4.704500,False,2,6,scouting,"None","",5.72,439.92
75,15076,30.131004,30.007500,4.704500,False,2,6,scouting,"None","",5.81,445.73
76,15277,30.118811,30.007500,4.704500,False,2,6,scouting,"None","",5.84,451.57
77,15478,30.117491,30.007500,4.704500,False,2,6,scouting,"None","",5.71,457.28
78,15679,30.123251,30.007500,4.704500,False,2,6,scouting,"None","",5.87,463.15
79,15880,30.128124,30.007500,4.704500,False,2,6,scouting,"None","",5.79,468.95
80,16081,30.128605,30.007500,4.704500,False,2,6,scouting,"None","",5.82,474.77
81,16282,30.115854,30.007500,4.704500,False,2,6,scouting,"None","",5.77,480.54
82,16483,30.116441,30.007500,4.704500,False,2,6,scouting,"None","",5.79,486.34
83,16684,30.119170,30.007500,4.704500,False,2,6,scouting,"None","",5.74,492.08
84,16885,30.128720,30.007500,4.704500,False,2,6,scouting,"None","",5.79,497.88
85,17086,30.126064,30.007500,4.704500,False,2,6,scouting,"None","",5.76,503.63
86,17287,30.123653,30.007500,4.704500,False,2,6,scouting,"None","",5.74,509.37
87,17488,30.117554,30.007500,4.704500,False,2,6,scouting,"None","",5.76,515.14
88,17689,30.113196,30.007500,4.704500,False,2,6,scouting,"None","",5.81,520.95
89,17890,30.125947,30.007500,4.704500,False,2,6,scouting,"None","",5.78,526.73
90,18091,30.125949,30.007500,4.704500,False,2,6,scouting,"None","",5.77,532.51
91,18292,30.112574,30.007500,4.563365,False,2,6,scouting,"None","",5.80,538.31
92,18493,30.114511,30.007500,4.563365,False,2,6,scouting,"None","",5.76,544.07
93,18694,30.113701,30.007500,4.563365,False,2,6,scouting,"None","",5.89,549.96
94,18895,30.118012,30.007500,4.563365,False,2,6,scouting,"None","",5.72,555.68
95,19096,30.115441,30.007500,4.563365,False,2,6,scouting,"None","",5.82,561.50
96,19297,30.118587,30.007500,4.563365,False,2,6,scouting,"None","",5.80,567.30
97,19498,30.115834,30.007500,4.563365,False,2,6,scouting,"None","",5.80,573.10
98,19699,30.115900,30.007500,4.563365,False,2,6,scouting,"None","",5.84,578.94
99,19900,30.114539,30.007500,4.563365,False,2,6,scouting,"None","",5.82,584.76
100,20101,30.118735,30.007500,4.563365,False,2,6,scouting,"None","{"0x2318": {"loss": 10.0, "satisfied": false}, "0x2324": {"loss": 10.0, "satisfied": false}, "0x233c": {"loss": 0.037078, "satisfied": false}, "0x2348": {"loss": 10.0, "satisfied": false}, "0x2358": {"loss": 0.0025, "satisfied": true}, "0x2364": {"loss": 0.0, "satisfied": true}}",5.80,590.57
