iteration,total_queries,loss,iter_time_s,total_time_s
1,202,20.735834,4.71,5.16
2,403,20.708657,4.87,10.61
3,604,20.703458,4.75,15.93
4,805,20.687783,4.74,21.25
5,1006,20.677571,4.77,26.59
6,1207,23.977188,4.82,31.98
7,1408,23.895537,4.74,36.73
8,1609,23.824868,4.79,41.51
9,1810,23.763475,4.83,46.34
10,2011,23.697905,4.78,51.13
11,2212,23.643818,4.79,55.92
12,2413,23.588341,4.80,60.72
13,2614,23.535549,4.80,65.52
14,2815,23.484444,4.85,70.37
15,3016,23.442024,4.82,75.19
16,3217,23.401680,4.79,79.99
17,3418,23.365758,4.78,84.77
18,3619,23.331279,4.89,89.66
19,3820,23.293848,4.79,94.45
20,4021,23.253169,4.79,99.24
21,4222,23.224787,4.85,104.09
22,4423,23.189561,4.87,108.96
23,4624,23.157055,4.83,113.80
24,4825,23.135469,4.76,118.56
25,5026,23.104385,4.76,123.32
26,5227,23.066138,4.77,128.09
27,5428,23.037060,4.81,132.90
28,5629,23.010760,4.77,137.68
29,5830,22.979063,4.84,142.51
30,6031,22.941341,4.77,147.28
31,6232,22.911849,4.78,152.06
32,6433,22.864665,4.76,156.82
33,6634,22.830367,4.86,161.69
34,6835,22.804654,4.75,166.44
35,7036,22.770904,4.83,171.27
36,7237,22.732136,4.83,176.11
37,7438,22.696938,4.81,180.92
38,7639,22.671505,4.76,185.69
39,7840,22.625045,4.84,190.53
40,8041,22.587860,4.68,195.22
41,8242,22.558317,4.76,199.98
42,8443,22.535961,4.75,204.73
43,8644,22.507204,4.75,209.49
44,8845,22.477926,4.73,214.22
45,9046,22.451372,4.72,218.94
46,9247,22.425763,4.78,223.73
47,9448,22.405095,4.79,228.53
48,9649,22.375375,4.77,233.30
49,9850,22.347420,4.88,238.18
50,10051,22.324647,4.78,242.96
51,10252,22.312901,4.78,247.74
52,10453,22.272961,4.75,252.50
53,10654,22.236625,4.71,257.21
54,10855,22.213823,4.76,261.98
55,11056,22.193738,4.75,266.73
56,11257,22.171747,4.77,271.50
57,11458,22.142274,4.83,276.33
58,11659,22.109883,4.75,281.08
59,11860,22.090498,4.75,285.83
60,12061,22.073635,4.80,290.63
61,12262,22.053594,4.85,295.47
62,12463,22.024343,4.79,300.27
63,12664,21.997220,4.73,305.00
64,12865,21.987210,4.80,309.81
65,13066,21.953103,4.80,314.61
66,13267,21.935016,4.80,319.41
67,13468,21.904026,4.79,324.20
68,13669,21.881701,4.78,328.98
69,13870,21.859917,4.76,333.74
70,14071,21.833088,4.75,338.50
71,14272,21.805915,4.77,343.26
72,14473,21.779084,4.87,348.14
73,14674,21.753061,4.79,352.93
74,14875,21.732190,4.84,357.78
75,15076,21.708462,4.79,362.57
76,15277,21.687582,4.77,367.34
77,15478,21.662988,4.78,372.13
78,15679,21.641794,4.80,376.93
79,15880,21.616685,4.85,381.78
80,16081,21.602023,4.78,386.57
81,16282,21.589609,4.78,391.35
82,16483,21.565438,4.82,396.17
83,16684,21.542530,4.81,400.98
84,16885,21.512678,4.86,405.84
85,17086,21.499242,4.88,410.72
86,17287,21.470670,4.77,415.50
87,17488,21.448575,4.85,420.35
88,17689,21.423539,4.81,425.16
89,17890,21.409418,4.82,429.99
90,18091,21.382302,4.84,434.83
91,18292,21.365219,4.75,439.58
92,18493,21.346279,4.82,444.40
93,18694,21.324899,4.80,449.20
94,18895,21.304153,4.72,453.93
95,19096,21.285883,4.88,458.82
96,19297,21.279367,4.87,463.69
97,19498,21.251342,4.76,468.44
98,19699,21.233194,4.87,473.31
99,19900,21.216792,4.85,478.16
100,20101,21.213835,4.78,482.95
101,20302,21.200198,4.81,487.76
102,20503,21.182868,4.76,492.52
103,20704,21.175956,4.77,497.29
104,20905,21.159650,4.76,502.05
105,21106,21.144793,4.77,506.83
106,21307,21.143744,4.85,511.68
107,21508,21.124667,4.80,516.48
108,21709,21.109684,4.84,521.32
109,21910,21.084914,4.85,526.17
110,22111,21.079426,4.82,531.00
111,22312,21.053107,4.84,535.84
112,22513,21.045717,4.83,540.67
113,22714,21.033154,4.78,545.45
114,22915,21.016255,4.80,550.25
115,23116,21.001667,4.84,555.09
116,23317,20.992233,4.76,559.85
117,23518,20.983185,4.78,564.64
118,23719,20.964551,4.77,569.41
119,23920,20.941209,4.85,574.26
120,24121,20.940105,4.80,579.07
121,24322,20.935078,4.82,583.89
122,24523,20.924505,4.80,588.69
123,24724,20.906850,4.88,593.58
124,24925,20.894628,4.74,598.32
125,25126,20.882576,4.75,603.07
126,25327,20.873510,4.88,607.96
127,25528,20.857468,4.76,612.72
128,25729,20.834902,4.74,617.46
129,25930,20.838880,4.75,622.22
130,26131,20.815715,4.76,626.98
131,26332,20.799434,4.79,631.77
132,26533,20.791740,4.81,636.58
133,26734,20.776869,4.71,641.30
134,26935,20.768593,4.84,646.13
135,27136,20.746231,4.73,650.87
136,27337,20.740755,4.79,655.67
137,27538,20.738566,4.72,660.38
138,27739,20.719503,4.83,665.21
139,27940,20.717186,4.80,670.02
140,28141,20.708461,4.87,674.89
141,28342,20.702846,4.83,679.72
142,28543,20.694701,4.77,684.49
143,28744,20.693414,4.77,689.26
144,28945,20.671940,4.78,694.04
145,29146,20.668992,4.78,699.38
146,29347,20.662281,4.76,704.71
147,29548,20.657700,4.84,710.13
148,29749,20.644634,4.75,715.45
149,29950,20.644551,4.76,720.78
150,30151,20.631875,4.85,726.21
151,30352,20.623499,4.80,731.58
152,30553,20.613035,4.78,736.93
153,30754,20.609187,4.76,742.27
154,30955,20.596125,4.87,747.72
155,31156,20.582843,4.87,753.16
156,31357,20.586052,4.81,758.56
157,31558,20.572500,4.85,763.40
158,31759,20.555406,4.79,768.77
159,31960,20.548123,4.82,774.16
160,32161,20.548879,4.69,779.43
161,32362,20.529894,4.80,784.23
162,32563,20.521651,4.75,789.54
163,32764,20.521878,4.77,794.87
164,32965,20.507149,4.83,799.71
165,33166,20.503692,4.87,805.16
166,33367,20.500315,4.79,810.52
167,33568,20.493671,4.78,815.87
168,33769,20.484636,4.82,821.27
169,33970,20.471719,4.74,826.58
170,34171,20.464452,4.70,831.86
171,34372,20.459230,4.85,837.29
172,34573,20.452039,4.80,842.67
173,34774,20.444912,4.83,848.08
174,34975,20.437812,4.86,853.51
175,35176,20.430044,4.77,858.85
176,35377,20.422018,4.74,864.18
177,35578,20.415645,4.77,869.53
178,35779,20.410324,4.78,874.88
179,35980,20.412494,4.81,880.26
180,36181,20.395648,4.81,885.07
181,36382,20.389847,4.90,890.54
182,36583,20.392307,4.80,895.91
183,36784,20.384381,4.74,900.65
184,36985,20.371763,4.81,906.04
185,37186,20.372538,4.78,911.39
186,37387,20.362555,4.75,916.15
187,37588,20.355924,4.81,921.52
188,37789,20.350608,4.81,926.91
189,37990,20.342245,4.84,932.31
190,38191,20.342942,4.82,937.71
191,38392,20.335479,4.85,942.55
192,38593,20.322267,4.76,947.87
193,38794,20.324832,4.82,953.27
194,38995,20.309925,4.84,958.11
195,39196,20.307036,4.75,963.43
196,39397,20.303798,4.87,968.88
197,39598,20.303752,4.76,974.21
198,39799,20.284600,4.80,979.58
199,40000,20.283485,4.80,984.96
200,40201,20.271238,4.78,990.31
201,40402,20.265337,4.76,995.64
202,40603,20.259286,4.76,1000.96
203,40804,20.253733,4.74,1006.28
204,41005,20.250819,4.79,1011.66
205,41206,20.247523,4.75,1016.97
206,41407,20.254959,4.79,1022.32
207,41608,20.238499,4.82,1027.15
208,41809,20.240625,4.82,1032.55
209,42010,20.226085,4.74,1037.29
210,42211,20.231633,4.72,1042.58
211,42412,20.214532,4.81,1047.39
212,42613,20.216693,4.86,1052.84
213,42814,20.212719,4.76,1057.60
214,43015,20.200112,4.80,1062.97
215,43216,20.196446,4.80,1068.34
216,43417,20.192887,4.80,1073.71
217,43618,20.183540,4.78,1079.07
218,43819,20.176115,4.92,1084.56
219,44020,20.178289,4.81,1089.96
220,44221,20.173123,4.91,1094.87
221,44422,20.166398,4.78,1100.22
222,44623,20.156393,4.76,1105.56
223,44824,20.153779,4.78,1110.92
224,45025,20.151058,4.76,1116.25
225,45226,20.154042,4.87,1121.69
226,45427,20.147433,4.84,1126.53
227,45628,20.142307,4.80,1131.90
228,45829,20.132900,4.84,1137.33
229,46030,20.130319,4.84,1142.74
230,46231,20.129527,4.79,1148.12
231,46432,20.129816,4.72,1153.41
232,46633,20.115783,4.82,1158.23
233,46834,20.111741,4.77,1163.58
234,47035,20.114113,4.79,1168.94
235,47236,20.113075,4.77,1173.72
236,47437,20.112257,4.83,1178.55
237,47638,20.108165,4.84,1183.39
238,47839,20.097176,4.81,1188.77
239,48040,20.093947,4.82,1194.17
240,48241,20.100550,4.80,1199.54
241,48442,20.096674,4.73,1204.28
242,48643,20.103498,4.78,1209.06
243,48844,20.106894,4.84,1213.90
244,49045,20.107508,4.81,1218.71
245,49246,20.107200,4.79,1223.50
246,49447,20.103212,4.78,1228.28
247,49648,20.103572,4.76,1233.04
248,49849,20.094151,4.76,1237.80
249,50050,20.102423,4.83,1242.63
250,50251,20.096395,4.73,1247.37
251,50452,20.125722,4.75,1252.12
252,50653,20.106900,4.77,1256.89
253,50854,20.108464,4.72,1261.61
254,51055,20.101126,4.79,1266.40
255,51256,20.112539,4.82,1271.23
256,51457,20.105051,4.84,1276.07
257,51658,20.106816,4.74,1280.81
258,51859,20.097578,4.79,1285.61
259,52060,20.105466,4.83,1290.44
260,52261,20.093586,4.77,1295.21
261,52462,20.082736,4.71,1300.50
262,52663,20.090229,4.79,1305.86
263,52864,20.086682,4.71,1310.57
264,53065,20.084344,4.82,1315.40
265,53266,20.087857,4.70,1320.09
266,53467,20.075736,4.78,1324.87
267,53668,20.072948,4.77,1330.21
268,53869,20.075548,4.79,1335.57
269,54070,20.071287,4.73,1340.30
270,54271,20.069376,4.76,1345.63
271,54472,20.065186,4.76,1350.97
272,54673,20.060674,4.73,1356.26
273,54874,0.134992,4.77,1361.60
