# --- Attack Parameters ---
# {
#     "executable": "./resources/execution_files/age_googlenet_mnn",
#     "image": "/img_align_celeba/044738.jpg",
#     "hooks": "/temp/hook_config/age_googlenet_mnn_hook_config.json",
#     "model": [
#         "/temp/resources/models/age_googlenet.mnn"
#     ],
#     "models": null,
#     "iterations": 100,
#     "learning_rate": 5.0,
#     "l_inf_norm": 30.0,
#     "lr_decay_rate": 0.97,
#     "lr_decay_steps": 50,
#     "missing_hook_penalty": 10.0,
#     "margin": 0.05,
#     "population_size": 200,
#     "sigma": 0.6,
#     "enable_stagnation_decay": true,
#     "stagnation_patience": 20,
#     "min_loss_delta": 0.001,
#     "enable_fitness_shaping": true,
#     "adam_beta1": 0.9,
#     "adam_beta2": 0.999,
#     "adam_epsilon": 1e-08,
#     "enable_dynamic_focus": true,
#     "evaluation_window": 10,
#     "boost_weight": 12.0,
#     "non_target_weight": 1.0,
#     "satisfied_weight": 3.0,
#     "satisfaction_threshold": 0.01,
#     "satisfaction_patience": 3,
#     "raw_args_template": null,
#     "workers": 64,
#     "output_dir": "/temp/outputs/age_googlenet_mnn_attack_results/044738_attacked",
#     "model_paths": [
#         "/temp/resources/models/age_googlenet.mnn"
#     ]
# }
# -----------------------

iteration,total_queries,loss,best_loss,lr,is_successful_iter,num_satisfied_hooks,total_hooks,attack_mode,focus_targets,hook_details,iter_time_s,total_time_s
1,202,40.592257,inf,5.000000,False,1,6,scouting,"None","",5.67,6.24
2,403,40.559478,40.592257,5.000000,False,1,6,scouting,"None","",5.85,12.87
3,604,40.532195,40.559478,5.000000,False,1,6,scouting,"None","",5.78,19.43
4,805,40.506683,40.532195,5.000000,False,1,6,scouting,"None","",5.77,25.98
5,1006,40.482147,40.506683,5.000000,False,1,6,scouting,"None","",5.77,32.53
6,1207,40.459572,40.482147,5.000000,False,1,6,scouting,"None","",5.82,39.13
7,1408,40.437962,40.459572,5.000000,False,1,6,scouting,"None","",5.81,45.71
8,1609,40.416792,40.437962,5.000000,False,1,6,scouting,"None","",5.79,52.29
9,1810,40.398166,40.416792,5.000000,False,1,6,scouting,"None","",5.79,58.85
10,2011,40.381003,40.398166,5.000000,False,1,6,scouting,"None","",5.82,65.45
11,2212,44.375842,40.381003,5.000000,False,1,6,focused_fire,"0x233c","",5.75,71.97
12,2413,44.190973,40.381003,5.000000,False,1,6,focused_fire,"0x233c","",5.74,77.72
13,2614,44.024310,40.381003,5.000000,False,1,6,focused_fire,"0x233c","",5.77,83.49
14,2815,43.858828,40.381003,5.000000,False,1,6,focused_fire,"0x233c","",5.77,89.26
15,3016,43.703902,40.381003,5.000000,False,1,6,focused_fire,"0x233c","",5.81,95.07
16,3217,43.556975,40.381003,5.000000,False,1,6,focused_fire,"0x233c","",5.72,100.79
17,3418,43.429895,40.381003,5.000000,False,1,6,focused_fire,"0x233c","",5.82,106.61
18,3619,43.305566,40.381003,5.000000,False,1,6,focused_fire,"0x233c","",5.87,112.48
19,3820,43.197070,40.381003,5.000000,False,1,6,focused_fire,"0x233c","",5.83,118.31
20,4021,43.092815,40.381003,5.000000,False,1,6,focused_fire,"0x233c","",5.80,124.11
21,4222,43.007378,40.381003,5.000000,False,1,6,focused_fire,"0x233c","",5.82,129.93
22,4423,43.020310,40.381003,5.000000,False,1,6,focused_fire,"0x233c","",5.94,135.88
23,4624,43.002277,40.381003,5.000000,False,1,6,focused_fire,"0x233c","",5.79,141.67
24,4825,42.966130,40.381003,5.000000,False,1,6,focused_fire,"0x233c","",5.78,147.46
25,5026,42.912494,40.381003,5.000000,False,1,6,focused_fire,"0x233c","",5.85,153.31
26,5227,42.848980,40.381003,5.000000,False,1,6,focused_fire,"0x233c","",5.87,159.18
27,5428,42.841305,40.381003,5.000000,False,1,6,focused_fire,"0x233c","",5.78,164.96
28,5629,42.820458,40.381003,5.000000,False,1,6,focused_fire,"0x233c","",5.76,170.72
29,5830,42.786994,40.381003,5.000000,False,1,6,focused_fire,"0x233c","",5.71,176.43
30,6031,42.748209,40.381003,5.000000,False,1,6,focused_fire,"0x233c","",5.82,182.25
31,6232,42.708390,40.381003,5.000000,False,1,6,focused_fire,"0x233c","",5.76,188.01
32,6433,42.660454,40.381003,5.000000,False,1,6,focused_fire,"0x233c","",5.74,193.76
33,6634,42.641920,40.381003,5.000000,False,1,6,focused_fire,"0x233c","",5.83,199.59
34,6835,42.606249,40.381003,5.000000,False,1,6,focused_fire,"0x233c","",5.80,205.39
35,7036,42.557213,40.381003,5.000000,False,1,6,focused_fire,"0x233c","",5.68,211.07
36,7237,42.534408,40.381003,5.000000,False,1,6,focused_fire,"0x233c","",5.79,216.86
37,7438,42.509454,40.381003,5.000000,False,1,6,focused_fire,"0x233c","",5.74,222.60
38,7639,42.475401,40.381003,5.000000,False,1,6,focused_fire,"0x233c","",5.74,228.34
39,7840,42.431605,40.381003,5.000000,False,1,6,focused_fire,"0x233c","",5.79,234.13
40,8041,42.384932,40.381003,5.000000,False,1,6,focused_fire,"0x233c","",5.90,240.03
41,8242,42.335183,40.381003,5.000000,False,1,6,focused_fire,"0x233c","",5.80,245.84
42,8443,42.280383,40.381003,5.000000,False,1,6,focused_fire,"0x233c","",5.76,251.60
43,8644,42.243128,40.381003,5.000000,False,1,6,focused_fire,"0x233c","",5.78,257.38
44,8845,42.195211,40.381003,5.000000,False,1,6,focused_fire,"0x233c","",5.83,263.22
45,9046,42.170233,40.381003,5.000000,False,1,6,focused_fire,"0x233c","",5.84,269.06
46,9247,42.192084,40.381003,5.000000,False,1,6,focused_fire,"0x233c","",5.78,274.84
47,9448,42.213659,40.381003,5.000000,False,1,6,focused_fire,"0x233c","",5.77,280.62
48,9649,42.284236,40.381003,5.000000,False,1,6,focused_fire,"0x233c","",5.83,286.45
49,9850,42.362545,40.381003,5.000000,False,1,6,focused_fire,"0x233c","",5.70,292.15
50,10051,42.426616,40.381003,5.000000,False,1,6,focused_fire,"0x233c","",5.77,297.92
51,10252,42.513834,40.381003,4.850000,False,1,6,focused_fire,"0x233c","",5.77,303.70
52,10453,42.600542,40.381003,4.850000,False,1,6,focused_fire,"0x233c","",5.79,309.49
53,10654,42.679064,40.381003,4.850000,False,1,6,focused_fire,"0x233c","",5.79,315.28
54,10855,42.709411,40.381003,4.850000,False,1,6,focused_fire,"0x233c","",5.73,321.02
55,11056,42.681441,40.381003,4.850000,False,1,6,focused_fire,"0x233c","",5.79,326.81
56,11257,42.619809,40.381003,4.850000,False,1,6,focused_fire,"0x233c","",5.80,332.62
57,11458,42.523311,40.381003,4.850000,False,1,6,focused_fire,"0x233c","",5.78,338.40
58,11659,42.439431,40.381003,4.850000,False,1,6,focused_fire,"0x233c","",5.86,344.26
59,11860,42.390534,40.381003,4.850000,False,1,6,focused_fire,"0x233c","",5.86,350.12
60,12061,42.359460,40.381003,4.850000,False,1,6,focused_fire,"0x233c","",5.81,355.93
61,12262,42.324157,40.381003,4.850000,False,1,6,focused_fire,"0x233c","",5.78,361.72
62,12463,42.321998,40.381003,4.850000,False,1,6,focused_fire,"0x233c","",5.79,367.51
63,12664,42.310315,40.381003,4.850000,False,1,6,focused_fire,"0x233c","",5.85,373.36
64,12865,42.323653,40.381003,4.850000,False,1,6,focused_fire,"0x233c","",5.81,379.17
65,13066,42.352924,40.381003,4.850000,False,1,6,focused_fire,"0x233c","",5.90,385.07
66,13267,42.304793,40.381003,4.850000,False,1,6,focused_fire,"0x233c","",5.77,390.84
67,13468,42.262136,40.381003,4.850000,False,1,6,focused_fire,"0x233c","",5.81,396.64
68,13669,42.190487,40.381003,4.850000,False,1,6,focused_fire,"0x233c","",5.86,402.51
69,13870,42.123146,40.381003,4.850000,False,1,6,focused_fire,"0x233c","",5.76,408.27
70,14071,42.058527,40.381003,4.850000,False,1,6,focused_fire,"0x233c","",5.79,414.07
71,14272,41.977577,40.381003,4.850000,False,1,6,focused_fire,"0x233c","",5.75,419.82
72,14473,41.924302,40.381003,4.850000,False,1,6,focused_fire,"0x233c","",5.83,425.66
73,14674,41.840783,40.381003,4.850000,False,1,6,focused_fire,"0x233c","",5.77,431.42
74,14875,41.727769,40.381003,4.850000,False,1,6,focused_fire,"0x233c","",5.81,437.23
75,15076,41.631229,40.381003,4.850000,False,1,6,focused_fire,"0x233c","",5.74,442.98
76,15277,41.536445,40.381003,4.850000,False,1,6,focused_fire,"0x233c","",5.79,448.77
77,15478,41.430189,40.381003,4.850000,False,1,6,focused_fire,"0x233c","",5.84,454.61
78,15679,41.339161,40.381003,4.850000,False,1,6,focused_fire,"0x233c","",5.75,460.36
79,15880,41.211539,40.381003,4.850000,False,1,6,focused_fire,"0x233c","",5.82,466.18
80,16081,31.413945,40.381003,4.850000,False,1,6,focused_fire,"0x233c","",5.74,471.93
81,16282,31.200619,31.413945,4.850000,False,1,6,focused_fire,"0x233c","",5.84,478.55
82,16483,30.972154,31.200619,4.850000,False,1,6,focused_fire,"0x233c","",5.81,485.15
83,16684,30.722612,30.972154,4.850000,False,1,6,focused_fire,"0x233c","",5.81,491.73
84,16885,30.485682,30.722612,4.850000,False,1,6,focused_fire,"0x233c","",5.81,498.31
85,17086,30.341405,30.485682,4.850000,False,2,6,focused_fire,"0x233c","",5.81,504.90
86,17287,30.307094,30.341405,4.850000,False,2,6,focused_fire,"0x233c","",5.76,511.44
87,17488,30.292390,30.307094,4.850000,False,2,6,focused_fire,"0x233c","",5.81,518.03
88,17689,30.278296,30.292390,4.850000,False,2,6,scouting,"None","",5.87,524.68
89,17890,30.262031,30.278296,4.850000,False,2,6,scouting,"None","",5.86,531.32
90,18091,30.244372,30.262031,4.850000,False,2,6,scouting,"None","",5.74,537.85
91,18292,30.226393,30.244372,4.850000,False,2,6,scouting,"None","",5.77,544.40
92,18493,30.207921,30.226393,4.850000,False,2,6,scouting,"None","",5.72,550.90
93,18694,30.188663,30.207921,4.850000,False,2,6,scouting,"None","",5.88,557.55
94,18895,30.169457,30.188663,4.850000,False,2,6,scouting,"None","",5.86,564.19
95,19096,30.150041,30.169457,4.850000,False,2,6,scouting,"None","",5.79,570.76
96,19297,30.128247,30.150041,4.850000,False,2,6,scouting,"None","",5.85,577.39
97,19498,30.108240,30.128247,4.850000,False,2,6,scouting,"None","",5.83,584.01
98,19699,30.979636,30.108240,4.850000,False,2,6,focused_fire,"0x2364","",5.77,590.56
99,19900,30.734434,30.108240,4.850000,False,2,6,focused_fire,"0x2364","",5.80,596.37
100,20101,30.493126,30.108240,4.850000,True,2,6,focused_fire,"0x2364","{"0x2318": {"loss": 10.0, "satisfied": false}, "0x2324": {"loss": 10.0, "satisfied": false}, "0x233c": {"loss": 0.0, "satisfied": true}, "0x2348": {"loss": 10.0, "satisfied": false}, "0x2358": {"loss": 0.0025, "satisfied": true}, "0x2364": {"loss": 0.040469, "satisfied": false}}",5.81,602.18
