# --- Attack Parameters ---
# {
#     "executable": "./resources/execution_files/age_googlenet_mnn",
#     "image": "/img_align_celeba/045354.jpg",
#     "hooks": "/model_deploy_execution_attack_for_pipeline/hook_config/age_googlenet_mnn_hook_config.json",
#     "model": [
#         "/model_deploy_execution_attack_for_pipeline/resources/models/age_googlenet.mnn"
#     ],
#     "models": null,
#     "iterations": 100,
#     "learning_rate": 5.0,
#     "l_inf_norm": 30.0,
#     "lr_decay_rate": 0.97,
#     "lr_decay_steps": 50,
#     "missing_hook_penalty": 10.0,
#     "margin": 0.05,
#     "population_size": 200,
#     "sigma": 0.6,
#     "enable_stagnation_decay": true,
#     "stagnation_patience": 20,
#     "min_loss_delta": 0.001,
#     "enable_fitness_shaping": true,
#     "adam_beta1": 0.9,
#     "adam_beta2": 0.999,
#     "adam_epsilon": 1e-08,
#     "enable_dynamic_focus": true,
#     "evaluation_window": 10,
#     "boost_weight": 12.0,
#     "non_target_weight": 1.0,
#     "satisfied_weight": 3.0,
#     "satisfaction_threshold": 0.01,
#     "satisfaction_patience": 3,
#     "raw_args_template": null,
#     "workers": 64,
#     "output_dir": "/model_deploy_execution_attack_for_pipeline/outputs/age_googlenet_mnn_attack_results/045354_attacked",
#     "model_paths": [
#         "/model_deploy_execution_attack_for_pipeline/resources/models/age_googlenet.mnn"
#     ]
# }
# -----------------------

iteration,total_queries,loss,best_loss,lr,is_successful_iter,num_satisfied_hooks,total_hooks,attack_mode,focus_targets,hook_details,iter_time_s,total_time_s
1,202,40.805522,inf,5.000000,False,1,6,scouting,"None","",5.87,6.44
2,403,40.765085,40.805522,5.000000,False,1,6,scouting,"None","",5.83,13.04
3,604,40.722374,40.765085,5.000000,False,1,6,scouting,"None","",5.83,19.64
4,805,40.684884,40.722374,5.000000,False,1,6,scouting,"None","",5.77,26.18
5,1006,40.648713,40.684884,5.000000,False,1,6,scouting,"None","",5.83,32.79
6,1207,40.611272,40.648713,5.000000,False,1,6,scouting,"None","",5.67,39.23
7,1408,40.573933,40.611272,5.000000,False,1,6,scouting,"None","",5.69,45.69
8,1609,40.540914,40.573933,5.000000,False,1,6,scouting,"None","",5.82,52.29
9,1810,40.508670,40.540914,5.000000,False,1,6,scouting,"None","",5.76,58.82
10,2011,40.476418,40.508670,5.000000,False,1,6,scouting,"None","",5.82,65.41
11,2212,45.381105,40.476418,5.000000,False,1,6,focused_fire,"0x233c","",5.81,72.01
12,2413,45.063867,40.476418,5.000000,False,1,6,focused_fire,"0x233c","",5.74,77.75
13,2614,44.773726,40.476418,5.000000,False,1,6,focused_fire,"0x233c","",5.80,83.55
14,2815,44.506993,40.476418,5.000000,False,1,6,focused_fire,"0x233c","",5.73,89.28
15,3016,44.255917,40.476418,5.000000,False,1,6,focused_fire,"0x233c","",5.74,95.02
16,3217,44.010827,40.476418,5.000000,False,1,6,focused_fire,"0x233c","",5.76,100.79
17,3418,43.763819,40.476418,5.000000,False,1,6,focused_fire,"0x233c","",5.86,106.65
18,3619,43.541295,40.476418,5.000000,False,1,6,focused_fire,"0x233c","",5.72,112.37
19,3820,43.330513,40.476418,5.000000,False,1,6,focused_fire,"0x233c","",5.76,118.14
20,4021,43.142311,40.476418,5.000000,False,1,6,focused_fire,"0x233c","",5.80,123.94
21,4222,42.972080,40.476418,5.000000,False,1,6,focused_fire,"0x233c","",5.79,129.74
22,4423,42.807724,40.476418,5.000000,False,1,6,focused_fire,"0x233c","",5.81,135.55
23,4624,42.645450,40.476418,5.000000,False,1,6,focused_fire,"0x233c","",5.80,141.35
24,4825,42.481209,40.476418,5.000000,False,1,6,focused_fire,"0x233c","",5.80,147.15
25,5026,42.343766,40.476418,5.000000,False,1,6,focused_fire,"0x233c","",5.77,152.92
26,5227,42.205312,40.476418,5.000000,False,1,6,focused_fire,"0x233c","",5.83,158.75
27,5428,42.066024,40.476418,5.000000,False,1,6,focused_fire,"0x233c","",5.80,164.55
28,5629,41.941401,40.476418,5.000000,False,1,6,focused_fire,"0x233c","",5.79,170.34
29,5830,41.828076,40.476418,5.000000,False,1,6,focused_fire,"0x233c","",5.76,176.10
30,6031,41.707375,40.476418,5.000000,False,1,6,focused_fire,"0x233c","",5.73,181.84
31,6232,41.592379,40.476418,5.000000,False,1,6,focused_fire,"0x233c","",5.77,187.61
32,6433,41.483188,40.476418,5.000000,False,1,6,focused_fire,"0x233c","",5.74,193.35
33,6634,41.370754,40.476418,5.000000,False,1,6,focused_fire,"0x233c","",5.88,199.24
34,6835,41.246617,40.476418,5.000000,False,1,6,focused_fire,"0x233c","",5.68,204.92
35,7036,41.119402,40.476418,5.000000,False,1,6,focused_fire,"0x233c","",5.69,210.62
36,7237,40.994521,40.476418,5.000000,False,1,6,focused_fire,"0x233c","",5.78,216.40
37,7438,40.943071,40.476418,5.000000,False,1,6,focused_fire,"0x233c","",5.80,222.21
38,7639,40.915483,40.476418,5.000000,False,1,6,focused_fire,"0x233c","",5.81,228.01
39,7840,40.845889,40.476418,5.000000,False,1,6,focused_fire,"0x233c","",5.74,233.76
40,8041,30.661450,40.476418,5.000000,False,2,6,focused_fire,"0x233c","",5.81,239.57
41,8242,30.417993,30.661450,5.000000,False,2,6,focused_fire,"0x233c","",5.80,246.14
42,8443,30.246399,30.417993,5.000000,False,2,6,focused_fire,"0x233c","",5.71,252.61
43,8644,30.151277,30.246399,5.000000,False,2,6,focused_fire,"0x233c","",5.74,259.13
44,8845,30.070968,30.151277,5.000000,False,3,6,focused_fire,"0x233c","",5.75,265.65
45,9046,30.007500,30.070968,5.000000,False,3,6,focused_fire,"0x233c","",5.74,272.17
46,9247,30.007500,30.007500,5.000000,False,3,6,focused_fire,"0x233c","",5.72,278.68
47,9448,30.007500,30.007500,5.000000,False,3,6,scouting,"None","",5.77,284.45
48,9649,30.007500,30.007500,5.000000,False,3,6,scouting,"None","",5.83,290.29
49,9850,30.007500,30.007500,5.000000,False,3,6,scouting,"None","",5.84,296.13
50,10051,30.007500,30.007500,5.000000,False,3,6,scouting,"None","",5.80,301.93
51,10252,30.007500,30.007500,4.850000,False,3,6,scouting,"None","",5.73,307.66
52,10453,30.007500,30.007500,4.850000,False,3,6,scouting,"None","",5.80,313.47
53,10654,30.007500,30.007500,4.850000,False,3,6,scouting,"None","",5.75,319.22
54,10855,30.007500,30.007500,4.850000,False,3,6,scouting,"None","",5.74,324.96
55,11056,30.007500,30.007500,4.850000,False,3,6,scouting,"None","",5.76,330.72
56,11257,30.012539,30.007500,4.850000,False,3,6,scouting,"None","",5.77,336.50
57,11458,30.033013,30.007500,4.850000,False,3,6,scouting,"None","",5.80,342.30
58,11659,30.049331,30.007500,4.850000,False,2,6,scouting,"None","",5.76,348.06
59,11860,30.066362,30.007500,4.850000,False,2,6,scouting,"None","",5.76,353.83
60,12061,30.086935,30.007500,4.850000,False,2,6,scouting,"None","",5.73,359.56
61,12262,30.111728,30.007500,4.850000,False,2,6,scouting,"None","",5.78,365.34
62,12463,30.135527,30.007500,4.850000,False,2,6,scouting,"None","",5.81,371.15
63,12664,30.147143,30.007500,4.850000,False,2,6,scouting,"None","",5.78,376.94
64,12865,30.152809,30.007500,4.850000,False,2,6,scouting,"None","",5.79,382.73
65,13066,30.144717,30.007500,4.850000,False,2,6,scouting,"None","",5.72,388.45
66,13267,30.127904,30.007500,4.850000,False,2,6,scouting,"None","",5.79,394.24
67,13468,30.109445,30.007500,4.850000,False,2,6,scouting,"None","",5.71,399.95
68,13669,30.091213,30.007500,4.850000,False,2,6,scouting,"None","",5.80,405.75
69,13870,30.080976,30.007500,4.850000,False,2,6,scouting,"None","",5.74,411.50
70,14071,30.076559,30.007500,4.850000,False,2,6,scouting,"None","",5.76,417.27
71,14272,30.075706,30.007500,4.704500,False,2,6,scouting,"None","",5.77,423.04
72,14473,30.074142,30.007500,4.704500,False,2,6,scouting,"None","",5.82,428.86
73,14674,30.081021,30.007500,4.704500,False,2,6,scouting,"None","",5.75,434.61
74,14875,30.095175,30.007500,4.704500,False,2,6,scouting,"None","",5.82,440.43
75,15076,30.108982,30.007500,4.704500,False,2,6,scouting,"None","",5.79,446.23
76,15277,30.123697,30.007500,4.704500,False,2,6,scouting,"None","",5.79,452.02
77,15478,30.129545,30.007500,4.704500,False,2,6,scouting,"None","",5.79,457.82
78,15679,30.119383,30.007500,4.704500,False,2,6,scouting,"None","",5.75,463.57
79,15880,30.102758,30.007500,4.704500,False,2,6,scouting,"None","",5.77,469.34
80,16081,30.090702,30.007500,4.704500,False,2,6,scouting,"None","",5.82,475.16
81,16282,30.093072,30.007500,4.704500,False,2,6,scouting,"None","",5.84,481.00
82,16483,30.098137,30.007500,4.704500,False,2,6,scouting,"None","",5.82,486.83
83,16684,30.104970,30.007500,4.704500,False,2,6,scouting,"None","",5.74,492.57
84,16885,30.127152,30.007500,4.704500,False,2,6,scouting,"None","",5.80,498.37
85,17086,30.126470,30.007500,4.704500,False,2,6,scouting,"None","",5.92,504.29
86,17287,30.115911,30.007500,4.704500,False,2,6,scouting,"None","",5.78,510.08
87,17488,30.107755,30.007500,4.704500,False,2,6,scouting,"None","",5.76,515.84
88,17689,30.119829,30.007500,4.704500,False,2,6,scouting,"None","",5.76,521.61
89,17890,30.126114,30.007500,4.704500,False,2,6,scouting,"None","",5.72,527.33
90,18091,30.118266,30.007500,4.704500,False,2,6,scouting,"None","",5.82,533.15
91,18292,30.106037,30.007500,4.563365,False,2,6,scouting,"None","",5.84,538.99
92,18493,30.097354,30.007500,4.563365,False,2,6,scouting,"None","",5.79,544.78
93,18694,30.093960,30.007500,4.563365,False,2,6,scouting,"None","",5.80,550.58
94,18895,30.102474,30.007500,4.563365,False,2,6,scouting,"None","",5.75,556.34
95,19096,30.116507,30.007500,4.563365,False,2,6,scouting,"None","",5.80,562.15
96,19297,30.129020,30.007500,4.563365,False,2,6,scouting,"None","",5.71,567.86
97,19498,30.133487,30.007500,4.563365,False,2,6,scouting,"None","",5.71,573.57
98,19699,30.126759,30.007500,4.563365,False,2,6,scouting,"None","",5.76,579.33
99,19900,30.099301,30.007500,4.563365,False,2,6,scouting,"None","",5.77,585.10
100,20101,30.090113,30.007500,4.563365,False,2,6,scouting,"None","{"0x2318": {"loss": 10.0, "satisfied": false}, "0x2324": {"loss": 10.0, "satisfied": false}, "0x233c": {"loss": 0.027538, "satisfied": false}, "0x2348": {"loss": 10.0, "satisfied": false}, "0x2358": {"loss": 0.0025, "satisfied": true}, "0x2364": {"loss": 0.0, "satisfied": true}}",5.72,590.82
