iteration,total_queries,loss,iter_time_s,total_time_s
1,202,20.791095,4.82,5.28
2,403,20.782842,4.81,10.67
3,604,20.772480,4.78,16.03
4,805,20.763856,4.68,21.28
5,1006,20.755798,4.72,26.57
6,1207,24.514834,4.76,31.90
7,1408,24.441757,4.78,36.69
8,1609,24.415860,4.79,41.48
9,1810,24.378478,4.72,46.20
10,2011,24.328389,4.77,50.97
11,2212,24.270317,4.83,55.80
12,2413,24.232439,4.86,60.66
13,2614,24.196165,4.75,65.42
14,2815,24.157935,4.84,70.26
15,3016,24.104112,4.76,75.03
16,3217,24.069432,4.75,79.78
17,3418,24.027993,4.68,84.46
18,3619,23.989766,4.80,89.26
19,3820,23.942985,4.86,94.13
20,4021,23.906666,4.79,98.91
21,4222,23.865184,4.77,103.69
22,4423,23.824310,4.83,108.52
23,4624,23.784198,4.76,113.28
24,4825,23.767797,4.71,117.99
25,5026,23.713660,4.82,122.82
26,5227,23.675675,4.84,127.66
27,5428,23.632771,4.80,132.46
28,5629,23.601013,4.80,137.26
29,5830,23.560602,4.72,141.98
30,6031,23.525464,4.74,146.72
31,6232,23.486220,4.84,151.56
32,6433,23.442426,4.81,156.37
33,6634,23.410501,4.78,161.15
34,6835,23.389835,4.80,165.96
35,7036,23.355825,4.85,170.81
36,7237,23.318493,4.79,175.59
37,7438,23.287771,4.81,180.41
38,7639,23.260434,4.78,185.19
39,7840,23.236446,4.78,189.97
40,8041,23.199162,4.88,194.85
41,8242,23.171951,4.87,199.72
42,8443,23.145912,4.78,204.50
43,8644,23.111960,4.85,209.36
44,8845,23.089359,4.85,214.21
45,9046,23.062724,4.79,219.01
46,9247,23.034315,4.81,223.82
47,9448,23.010524,4.74,228.56
48,9649,22.979454,4.85,233.41
49,9850,22.945814,4.75,238.16
50,10051,22.920052,4.81,242.98
51,10252,22.884228,4.80,247.78
52,10453,22.858547,4.84,252.62
53,10654,22.832011,4.79,257.41
54,10855,22.793660,4.83,262.24
55,11056,22.766147,4.74,266.99
56,11257,22.732715,4.80,271.79
57,11458,22.696099,4.82,276.61
58,11659,22.672440,4.87,281.49
59,11860,22.654796,4.88,286.37
60,12061,22.629873,4.85,291.22
61,12262,22.601975,4.80,296.02
62,12463,22.588903,4.75,300.78
63,12664,22.566564,4.86,305.64
64,12865,22.542397,4.72,310.36
65,13066,22.524513,4.83,315.19
66,13267,22.516496,4.78,319.98
67,13468,22.498925,4.77,324.75
68,13669,22.477497,4.82,329.57
69,13870,22.471289,4.85,334.42
70,14071,22.452507,4.84,339.27
71,14272,22.433936,4.82,344.09
72,14473,22.409460,4.81,348.91
73,14674,22.403872,4.85,353.76
74,14875,22.373847,4.79,358.55
75,15076,22.354464,4.78,363.33
76,15277,22.338700,4.82,368.15
77,15478,22.323532,4.70,372.85
78,15679,22.304283,4.83,377.68
79,15880,22.294353,4.72,382.41
80,16081,22.277220,4.74,387.15
81,16282,22.256924,4.72,391.87
82,16483,22.239488,4.80,396.67
83,16684,22.229012,4.77,401.44
84,16885,22.211379,4.80,406.24
85,17086,22.191051,4.81,411.05
86,17287,22.167577,4.76,415.81
87,17488,22.162586,4.84,420.65
88,17689,22.138220,4.82,425.47
89,17890,22.119798,4.80,430.27
90,18091,22.093692,4.83,435.11
91,18292,22.073349,4.81,439.92
92,18493,22.043393,4.80,444.73
93,18694,22.018564,4.86,449.59
94,18895,21.992837,4.79,454.39
95,19096,21.970716,4.80,459.19
96,19297,21.942126,4.83,464.02
97,19498,21.925566,4.78,468.80
98,19699,21.904507,4.86,473.66
99,19900,21.880115,4.74,478.40
100,20101,21.867122,4.81,483.21
101,20302,21.856353,4.81,488.02
102,20503,21.833280,4.82,492.85
103,20704,21.821635,4.83,497.68
104,20905,21.813850,4.85,502.53
105,21106,21.798820,4.84,507.37
106,21307,21.787271,4.81,512.18
107,21508,21.773620,4.81,517.00
108,21709,21.757848,4.72,521.72
109,21910,21.746895,4.81,526.53
110,22111,21.733517,4.82,531.35
111,22312,21.719222,4.82,536.17
112,22513,21.709145,4.79,540.97
113,22714,21.697951,4.72,545.69
114,22915,21.681166,4.76,550.45
115,23116,21.664984,4.85,555.30
116,23317,21.654219,4.83,560.14
117,23518,21.638612,4.92,565.06
118,23719,21.618271,4.77,569.83
119,23920,21.589441,4.85,574.68
120,24121,21.576287,4.74,579.43
121,24322,21.562201,4.84,584.27
122,24523,21.538714,4.79,589.06
123,24724,21.517503,4.77,593.83
124,24925,21.504177,4.86,598.70
125,25126,21.494607,4.72,603.42
126,25327,21.479694,4.81,608.23
127,25528,21.465415,4.86,613.09
128,25729,21.449472,4.87,617.97
129,25930,21.443322,4.82,622.79
130,26131,21.418905,4.77,627.56
131,26332,21.403415,4.83,632.40
132,26533,21.397064,4.78,637.19
133,26734,21.381397,4.78,641.97
134,26935,21.372407,4.85,646.82
135,27136,21.349128,4.83,651.65
136,27337,21.326316,4.73,656.38
137,27538,21.327615,4.71,661.09
138,27739,21.300046,4.81,665.90
139,27940,21.291195,4.81,670.71
140,28141,21.285177,4.73,675.45
141,28342,21.258057,4.78,680.23
142,28543,21.248232,4.83,685.06
143,28744,21.230619,4.84,689.90
144,28945,21.222381,4.85,694.76
145,29146,21.194368,4.86,699.62
146,29347,21.180732,4.73,704.35
147,29548,21.173813,4.80,709.15
148,29749,21.155253,4.76,713.91
149,29950,21.143303,4.71,718.63
150,30151,21.127312,4.78,723.41
151,30352,21.113317,4.81,728.22
152,30553,21.105410,4.67,732.90
153,30754,21.082914,4.86,737.76
154,30955,21.068719,4.74,742.50
155,31156,21.059460,4.75,747.25
156,31357,21.038392,4.76,752.01
157,31558,21.021885,4.74,756.76
158,31759,21.010499,4.80,761.55
159,31960,20.997620,4.78,766.34
160,32161,20.989257,4.74,771.08
161,32362,20.969443,4.93,776.01
162,32563,20.967012,4.85,780.86
163,32764,20.952103,4.81,785.67
164,32965,20.944863,4.77,790.44
165,33166,20.936225,4.74,795.18
166,33367,20.930964,4.72,799.91
167,33568,20.913903,4.81,804.72
168,33769,20.908018,4.89,809.61
169,33970,20.896528,4.81,814.42
170,34171,20.894146,4.79,819.21
171,34372,20.884720,4.81,824.02
172,34573,20.878517,4.81,828.83
173,34774,20.872637,4.87,833.71
174,34975,20.875529,4.80,838.51
175,35176,20.859469,4.84,843.34
176,35377,20.847547,4.83,848.17
177,35578,20.838771,4.76,852.93
178,35779,20.830991,4.85,857.78
179,35980,20.819028,4.81,862.60
180,36181,20.805739,4.78,867.38
181,36382,23.161247,4.81,872.19
182,36583,20.782453,4.84,877.03
183,36784,20.773030,4.83,881.86
184,36985,20.765096,4.78,886.63
185,37186,20.752910,4.86,891.50
186,37387,20.738685,4.81,896.89
187,37588,20.730057,4.76,902.23
188,37789,20.729238,4.84,907.65
189,37990,20.725849,4.81,913.03
190,38191,20.713845,4.76,918.37
191,38392,20.705013,4.76,923.69
192,38593,20.701645,4.78,929.06
193,38794,20.696948,4.86,934.49
194,38995,20.699922,4.79,939.85
195,39196,20.701829,4.75,944.61
196,39397,20.696155,4.82,949.43
197,39598,20.684544,4.80,954.79
198,39799,20.680907,4.74,960.11
199,40000,20.675850,4.79,965.48
200,40201,20.660443,4.84,970.90
201,40402,20.669486,4.77,976.24
202,40603,20.674575,4.80,981.05
203,40804,20.644739,4.76,985.81
204,41005,20.635857,4.76,991.14
205,41206,20.644072,4.81,996.52
206,41407,20.634216,4.87,1001.39
207,41608,20.630952,4.82,1006.79
208,41809,20.617104,4.82,1012.18
209,42010,20.613507,4.73,1017.48
210,42211,20.601016,4.76,1022.81
211,42412,20.597843,4.81,1028.20
212,42613,20.593013,4.81,1033.58
213,42814,20.585846,4.77,1038.93
214,43015,20.588516,4.77,1044.27
215,43216,20.575479,4.79,1049.07
216,43417,20.573829,4.77,1054.40
217,43618,20.568221,4.79,1059.76
218,43819,20.564151,4.81,1065.14
219,44020,20.561488,4.80,1070.51
220,44221,20.561033,4.81,1075.90
221,44422,20.537422,4.80,1081.27
222,44623,20.521236,4.77,1086.62
223,44824,20.514491,4.79,1091.98
224,45025,20.515935,4.84,1097.40
225,45226,20.512805,4.75,1102.15
226,45427,20.491656,4.78,1107.50
227,45628,20.481114,4.77,1112.85
228,45829,20.466567,4.83,1118.26
229,46030,20.455419,4.80,1123.63
230,46231,20.445302,4.70,1128.90
231,46432,20.443164,4.78,1134.24
232,46633,20.438277,4.74,1139.55
233,46834,20.425613,4.78,1144.90
234,47035,20.412445,4.77,1150.23
235,47236,20.402388,4.78,1155.59
236,47437,20.402158,4.82,1161.00
237,47638,20.402805,4.86,1166.43
238,47839,20.392916,4.77,1171.20
239,48040,20.383861,4.79,1176.56
240,48241,20.384592,4.80,1181.94
241,48442,20.368904,4.75,1186.69
242,48643,20.361905,4.83,1192.10
243,48844,20.353487,4.78,1197.45
244,49045,20.348496,4.81,1202.84
245,49246,20.346002,4.70,1208.11
246,49447,20.335102,4.75,1213.43
247,49648,20.322998,4.77,1218.78
248,49849,20.319024,4.77,1224.12
249,50050,20.305489,4.80,1229.51
250,50251,20.295851,4.79,1234.86
251,50452,20.294450,4.75,1240.18
252,50653,20.315798,4.78,1245.54
253,50854,20.286261,4.83,1250.37
254,51055,20.276663,4.83,1255.78
255,51256,20.272000,4.88,1261.22
256,51457,20.262204,4.78,1266.57
257,51658,20.254825,4.86,1272.00
258,51859,20.252801,4.86,1277.43
259,52060,20.257933,4.78,1282.79
260,52261,20.252232,4.76,1287.55
261,52462,20.251836,4.86,1292.99
262,52663,20.245697,4.76,1298.32
263,52864,20.233314,4.77,1303.66
264,53065,20.230234,4.79,1309.02
265,53266,20.231836,4.81,1314.41
266,53467,20.228314,4.74,1319.15
267,53668,20.851928,4.77,1324.50
268,53869,20.219230,4.76,1329.26
269,54070,20.216221,4.86,1334.69
270,54271,20.208867,4.76,1340.03
271,54472,20.208958,4.71,1345.31
272,54673,20.209768,4.75,1350.07
273,54874,20.196597,4.78,1354.85
274,55075,20.179614,4.76,1360.18
275,55276,20.184395,4.87,1365.63
276,55477,20.181115,4.78,1370.42
277,55678,20.172655,4.79,1375.21
278,55879,20.168833,4.82,1380.60
279,56080,20.172282,4.77,1385.95
280,56281,20.170670,4.78,1390.73
281,56482,20.167444,4.82,1395.55
282,56683,20.168725,4.82,1400.95
283,56884,20.166651,4.97,1405.92
284,57085,20.175001,4.74,1411.24
285,57286,20.164846,4.83,1416.07
286,57487,20.157605,4.85,1421.50
287,57688,20.151319,4.78,1426.85
288,57889,20.145567,4.73,1432.15
289,58090,20.134721,4.78,1437.50
290,58291,20.135478,4.80,1442.88
291,58492,20.128493,4.86,1447.74
292,58693,20.129538,4.78,1453.09
293,58894,20.124447,4.77,1457.87
294,59095,20.117270,4.82,1463.27
295,59296,20.105678,4.79,1468.62
296,59497,20.101176,4.77,1473.95
297,59698,20.107393,4.81,1479.35
298,59899,20.089400,4.80,1484.15
299,60100,20.079560,4.80,1489.52
300,60301,20.071979,4.77,1494.86
301,60502,20.070934,4.80,1500.24
302,60703,20.067613,4.82,1505.64
303,60904,20.063725,4.80,1511.02
304,61105,20.064310,4.79,1516.38
305,61306,20.060658,4.90,1521.28
306,61507,20.062918,4.80,1526.65
307,61708,10.156882,4.82,1531.47
308,61909,10.186576,4.77,1536.81
309,62110,10.190789,4.77,1541.58
310,62311,10.162765,4.79,1546.37
311,62512,10.153297,4.80,1551.17
312,62713,10.139130,4.76,1556.51
313,62914,10.109425,4.78,1561.87
314,63115,10.093189,4.77,1567.21
315,63316,10.314669,4.82,1572.62
316,63517,10.124756,4.84,1577.46
317,63718,0.067421,4.87,1582.33
