iteration,total_queries,loss,iter_time_s,total_time_s
1,202,62.417246,4.65,5.09
2,403,62.226171,4.72,10.35
3,604,61.919927,4.62,15.52
4,805,61.348568,4.70,20.76
5,1006,61.030329,4.61,25.92
6,1207,117.433897,4.68,31.14
7,1408,115.990351,4.66,35.80
8,1609,109.843535,4.70,40.50
9,1810,107.720576,4.60,45.10
10,2011,105.250346,4.71,49.82
11,2212,102.591757,4.63,54.45
12,2413,98.402304,4.73,59.19
13,2614,95.097033,4.77,63.96
14,2815,91.462012,4.66,68.61
15,3016,87.827380,4.72,73.33
16,3217,85.478125,4.69,78.03
17,3418,82.446448,4.63,82.66
18,3619,79.801077,4.69,87.35
19,3820,77.370147,4.64,91.99
20,4021,73.589281,4.68,96.67
21,4222,71.300211,4.71,101.38
22,4423,68.786974,4.63,106.02
23,4624,66.107443,4.61,110.63
24,4825,63.763132,4.71,115.34
25,5026,107.327803,4.70,120.04
26,5227,59.075392,4.73,124.77
27,5428,55.797289,4.76,130.07
28,5629,53.485743,4.75,135.36
29,5830,51.227434,4.64,140.54
30,6031,30.155071,4.63,145.72
31,6232,30.151259,4.65,150.91
32,6433,30.146744,4.64,156.09
33,6634,30.142637,4.64,161.29
34,6835,30.136848,4.70,166.53
35,7036,30.131604,4.66,171.74
36,7237,30.118454,4.76,177.05
37,7438,30.105507,4.66,182.26
38,7639,30.581876,4.72,187.53
39,7840,30.497519,4.70,192.24
40,8041,30.384169,4.69,196.93
41,8242,30.296508,4.68,201.62
42,8443,30.195529,4.63,206.25
43,8644,120.307433,4.68,210.93
44,8845,30.086757,4.66,215.60
45,9046,120.422807,4.74,220.88
46,9247,120.046394,4.68,225.57
47,9448,20.793131,4.71,230.28
48,9649,20.789843,4.69,235.55
49,9850,20.783265,4.77,240.89
50,10051,20.777131,4.73,246.19
51,10252,20.768417,4.76,251.52
52,10453,20.758374,4.79,256.88
53,10654,20.743440,4.75,262.20
54,10855,20.730864,4.74,267.52
55,11056,24.316287,4.74,272.83
56,11257,24.253443,4.77,277.60
57,11458,24.210311,4.76,282.36
58,11659,24.151205,4.91,287.28
59,11860,24.078777,4.75,292.03
60,12061,24.021228,4.84,296.87
61,12262,23.973262,4.73,301.61
62,12463,23.913977,4.85,306.46
63,12664,23.864953,4.73,311.20
64,12865,23.820443,4.77,315.97
65,13066,23.780040,4.79,320.76
66,13267,23.727494,4.74,325.50
67,13468,23.657333,4.76,330.26
68,13669,23.589910,4.72,334.98
69,13870,23.542112,4.77,339.75
70,14071,23.500655,4.73,344.49
71,14272,23.438265,4.81,349.30
72,14473,23.380872,4.82,354.12
73,14674,23.341442,4.78,358.91
74,14875,23.278724,4.81,363.72
75,15076,23.216900,4.69,368.41
76,15277,23.176336,4.81,373.22
77,15478,23.124805,4.78,378.01
78,15679,23.079012,4.77,382.79
79,15880,23.041761,4.81,387.60
80,16081,22.990559,4.71,392.32
81,16282,22.925573,4.73,397.05
82,16483,22.895872,4.71,401.76
83,16684,22.862277,4.80,406.56
84,16885,22.824593,4.75,411.31
85,17086,22.789566,4.66,415.98
86,17287,22.752208,4.82,420.80
87,17488,22.719753,4.76,425.56
88,17689,22.681206,4.84,430.40
89,17890,22.657399,4.71,435.11
90,18091,22.625704,4.74,439.85
91,18292,22.607595,4.75,444.60
92,18493,22.574926,4.78,449.39
93,18694,22.535120,4.74,454.13
94,18895,22.506429,4.66,458.80
95,19096,22.476030,4.78,463.58
96,19297,22.450313,4.73,468.31
97,19498,22.414714,4.72,473.03
98,19699,22.373351,4.76,477.79
99,19900,22.351391,4.72,482.52
100,20101,22.334588,4.74,487.26
101,20302,22.304418,4.87,492.13
102,20503,22.265678,4.79,496.92
103,20704,22.233600,4.90,501.83
104,20905,22.222414,4.78,506.60
105,21106,22.185375,4.81,511.42
106,21307,22.166449,4.71,516.13
107,21508,22.147533,4.77,520.90
108,21709,22.116763,4.80,525.70
109,21910,22.094756,4.76,530.46
110,22111,22.048395,4.72,535.18
111,22312,22.030181,4.73,539.92
112,22513,22.016410,4.74,544.66
113,22714,21.991302,4.78,549.44
114,22915,21.965119,4.70,554.14
115,23116,21.946557,4.79,558.94
116,23317,21.917902,4.85,563.79
117,23518,21.908468,4.82,568.61
118,23719,21.866054,4.76,573.37
119,23920,21.849766,4.81,578.18
120,24121,21.832682,4.79,582.97
121,24322,21.806026,4.86,587.84
122,24523,21.793286,4.72,592.55
123,24724,21.782471,4.82,597.38
124,24925,21.773455,4.78,602.16
125,25126,21.747057,4.79,606.96
126,25327,21.724516,4.76,611.72
127,25528,21.703583,4.75,616.47
128,25729,21.680260,4.72,621.19
129,25930,21.668674,4.68,625.87
130,26131,21.649951,4.86,630.74
131,26332,21.624678,4.77,635.51
132,26533,21.600389,4.77,640.28
133,26734,21.587017,4.77,645.05
134,26935,21.562811,4.77,649.83
135,27136,21.540995,4.74,654.57
136,27337,21.523506,4.72,659.30
137,27538,21.505631,4.77,664.07
138,27739,21.481245,4.75,668.82
139,27940,21.461239,4.73,673.55
140,28141,21.432840,4.75,678.30
141,28342,21.410590,4.72,683.03
142,28543,21.402586,4.86,687.89
143,28744,21.385611,4.77,692.66
144,28945,21.375432,4.83,697.49
145,29146,21.358375,4.69,702.19
146,29347,21.353942,4.78,706.97
147,29548,21.324643,4.76,711.73
148,29749,21.330433,4.79,716.53
149,29950,21.315305,4.79,721.32
150,30151,21.314546,4.73,726.06
151,30352,21.300133,4.70,730.76
152,30553,21.299908,4.76,735.52
153,30754,21.289151,4.77,740.29
154,30955,21.286138,4.83,745.13
155,31156,21.273948,4.75,749.88
156,31357,21.271436,4.72,754.60
157,31558,21.277500,4.76,759.37
158,31759,21.272983,4.79,764.16
159,31960,21.255313,4.80,768.97
160,32161,21.247716,4.79,773.76
161,32362,21.250336,4.69,778.46
162,32563,21.251966,4.76,783.21
163,32764,21.253427,4.72,787.93
164,32965,21.234843,4.76,792.70
165,33166,21.219962,4.74,797.44
166,33367,21.211423,4.76,802.21
167,33568,21.209714,4.77,806.98
168,33769,21.193361,4.74,811.72
169,33970,21.180546,4.79,816.51
170,34171,21.179003,4.79,821.31
171,34372,21.163009,4.81,826.12
172,34573,21.163760,4.76,830.89
173,34774,21.158739,4.79,835.68
174,34975,21.153239,4.81,840.49
175,35176,21.139392,4.74,845.23
176,35377,21.124230,4.78,850.01
177,35578,21.123689,4.70,854.72
178,35779,21.106775,4.82,859.54
179,35980,21.093611,4.70,864.25
180,36181,21.079651,4.80,869.05
181,36382,21.072640,4.86,873.91
182,36583,21.058090,4.72,878.63
183,36784,21.043450,4.79,883.42
184,36985,21.030662,4.78,888.21
185,37186,21.035230,4.77,892.98
186,37387,21.020250,4.74,897.73
187,37588,21.009484,4.79,902.52
188,37789,20.988090,4.72,907.24
189,37990,20.981470,4.73,911.98
190,38191,20.980528,4.76,916.74
191,38392,20.980723,4.88,921.62
192,38593,20.959890,4.80,926.42
193,38794,20.961727,4.78,931.21
194,38995,20.946423,4.81,936.02
195,39196,20.952672,4.78,940.80
196,39397,20.945266,4.88,945.68
197,39598,20.927624,4.74,950.43
198,39799,20.912714,4.76,955.19
199,40000,20.899673,4.76,959.95
200,40201,20.888207,4.73,964.68
201,40402,20.880581,4.73,969.40
202,40603,20.871816,4.87,974.27
203,40804,20.857820,4.78,979.06
204,41005,20.852296,4.77,983.82
205,41206,20.837317,4.79,988.61
206,41407,20.826070,4.80,993.42
207,41608,20.818509,4.73,998.15
208,41809,20.811323,4.76,1002.91
209,42010,20.810676,4.81,1007.73
210,42211,20.798877,4.76,1012.49
211,42412,20.789863,4.83,1017.32
212,42613,20.778071,4.82,1022.14
213,42814,20.774564,4.74,1026.88
214,43015,20.755295,4.76,1031.64
215,43216,20.747885,4.74,1036.39
216,43417,20.735535,4.77,1041.16
217,43618,20.724605,4.79,1045.95
218,43819,20.734266,4.79,1051.32
219,44020,20.733915,4.82,1056.14
220,44221,20.712669,4.83,1060.97
221,44422,20.712201,4.82,1066.36
222,44623,20.690831,4.86,1071.80
223,44824,20.686914,4.78,1077.15
224,45025,20.664713,4.75,1082.47
225,45226,20.662652,4.77,1087.81
226,45427,20.655373,4.87,1093.24
227,45628,20.645119,4.80,1098.62
228,45829,20.621547,4.80,1103.99
229,46030,20.617357,4.76,1109.33
230,46231,20.606781,4.88,1114.78
231,46432,20.601900,4.77,1120.13
232,46633,20.600059,4.77,1125.47
233,46834,20.586207,4.77,1130.81
234,47035,20.582308,4.80,1136.18
235,47236,20.556119,4.71,1141.46
236,47437,20.555651,4.80,1146.83
237,47638,20.554655,4.83,1152.23
238,47839,20.562625,4.82,1157.62
239,48040,20.529817,4.75,1162.37
240,48241,20.515417,4.77,1167.71
241,48442,20.511376,4.84,1173.12
242,48643,20.490681,4.71,1178.42
243,48844,20.488631,4.78,1183.78
244,49045,20.487792,4.72,1189.07
245,49246,20.476520,4.78,1194.42
246,49447,20.474976,4.86,1199.87
247,49648,20.465687,4.83,1205.27
248,49849,20.445215,4.82,1210.67
249,50050,20.438426,4.73,1215.97
250,50251,20.437439,4.86,1221.41
251,50452,20.435063,4.79,1226.77
252,50653,20.427561,4.81,1232.16
253,50854,20.420081,4.79,1237.53
254,51055,20.426527,4.74,1242.84
255,51256,20.409478,4.76,1247.60
256,51457,20.420965,4.86,1253.03
257,51658,20.405151,4.76,1257.80
258,51859,20.391764,4.80,1263.16
259,52060,20.389009,4.83,1268.57
260,52261,20.378620,4.80,1273.94
261,52462,20.375499,4.85,1279.37
262,52663,20.367424,4.70,1284.65
263,52864,20.366217,4.80,1290.02
264,53065,20.372499,4.80,1295.39
265,53266,20.358263,4.72,1300.11
266,53467,20.342506,4.84,1305.53
267,53668,20.341887,4.75,1310.86
268,53869,20.337455,4.77,1316.20
269,54070,20.321514,4.71,1321.50
270,54271,20.322668,4.75,1326.82
271,54472,20.306651,4.81,1331.63
272,54673,20.297951,4.73,1336.94
273,54874,20.287389,4.82,1342.34
274,55075,20.277258,4.78,1347.69
275,55276,20.270346,4.74,1353.01
276,55477,20.256010,4.81,1358.40
277,55678,140.032455,4.78,1363.76
278,55879,20.242508,4.84,1368.60
279,56080,20.242279,4.80,1373.97
280,56281,20.230465,4.79,1379.34
281,56482,20.224448,4.81,1384.71
282,56683,20.208860,4.84,1390.13
283,56884,20.206644,4.81,1395.51
284,57085,20.196640,4.84,1400.93
285,57286,20.187837,4.82,1406.33
286,57487,20.184060,4.80,1411.70
287,57688,20.186783,4.74,1417.04
288,57889,20.184924,4.75,1421.79
289,58090,20.175554,4.80,1426.59
290,58291,20.174537,4.81,1431.97
291,58492,20.174206,4.83,1437.38
292,58693,20.174608,4.73,1442.68
293,58894,20.165514,4.78,1447.46
294,59095,20.166045,4.78,1452.82
295,59296,20.175243,4.87,1457.69
296,59497,20.162636,4.82,1462.51
297,59698,20.156261,4.75,1467.84
298,59899,20.158507,4.84,1473.26
299,60100,20.153336,4.76,1478.03
300,60301,20.149870,4.85,1483.45
301,60502,20.145359,4.79,1488.82
302,60703,20.149981,4.77,1494.17
303,60904,20.151120,4.73,1498.90
304,61105,20.142363,4.72,1503.63
305,61306,20.154894,4.73,1508.93
306,61507,20.130937,4.77,1513.70
307,61708,20.137002,4.79,1519.07
308,61909,20.140897,4.74,1523.81
309,62110,20.131156,4.81,1528.62
310,62311,20.131879,4.76,1533.38
311,62512,20.119418,4.69,1538.07
312,62713,20.120044,4.75,1543.39
313,62914,20.121454,4.80,1548.19
314,63115,20.107694,4.79,1552.98
315,63316,20.112418,4.78,1558.33
316,63517,20.098578,4.79,1563.13
317,63718,20.091488,4.76,1568.46
318,63919,20.082547,4.78,1573.83
319,64120,20.088270,4.79,1579.19
320,64321,20.105538,4.76,1583.95
321,64522,20.084864,4.78,1588.74
322,64723,20.082102,4.83,1593.57
323,64924,20.090089,4.76,1598.91
324,65125,20.090549,4.83,1603.74
325,65326,20.094706,4.70,1608.44
326,65527,20.099387,4.73,1613.17
327,65728,20.085465,4.78,1617.95
328,65929,20.084530,4.78,1622.74
329,66130,20.077038,4.77,1627.51
330,66331,20.086462,4.75,1632.84
331,66532,20.089486,4.79,1637.63
332,66733,20.087747,4.82,1642.45
333,66934,20.081728,4.70,1647.15
334,67135,20.085673,4.81,1651.96
335,67336,20.076964,4.78,1656.74
336,67537,20.074069,4.76,1662.08
337,67738,20.069198,4.79,1667.45
338,67939,20.065535,4.77,1672.79
339,68140,10.921421,4.81,1678.17
340,68341,10.921812,4.80,1683.55
341,68542,10.914363,4.84,1688.40
342,68743,10.886998,4.75,1693.71
343,68944,10.882237,4.76,1699.04
344,69145,10.879986,4.85,1704.46
345,69346,10.878217,4.81,1709.85
346,69547,10.873046,4.73,1715.15
347,69748,15.127329,4.74,1720.46
348,69949,15.069424,4.83,1725.29
349,70150,15.031162,4.80,1730.09
350,70351,14.956681,4.79,1734.88
351,70552,14.876327,4.80,1739.68
352,70753,14.756245,4.80,1744.49
353,70954,14.702786,4.81,1749.29
354,71155,14.672602,4.74,1754.04
355,71356,14.503413,4.78,1758.82
356,71557,14.378519,4.81,1763.63
357,71758,14.237898,4.75,1768.39
358,71959,14.111324,4.82,1773.20
359,72160,13.969596,4.82,1778.02
360,72361,13.658915,4.76,1782.78
361,72562,13.427660,4.89,1787.67
362,72763,13.181247,4.82,1792.50
363,72964,13.103159,4.75,1797.25
364,73165,70.030594,4.79,1802.04
365,73366,12.938618,4.84,1806.88
366,73567,70.038839,4.86,1811.75
367,73768,70.031852,4.80,1816.55
368,73969,70.031275,4.78,1821.33
369,74170,70.033133,4.73,1826.07
370,74371,13.012017,4.75,1830.82
371,74572,13.092985,4.82,1835.64
372,74773,13.234910,4.76,1840.40
373,74974,13.236709,4.78,1845.19
374,75175,13.172316,4.73,1849.92
375,75376,13.156925,4.79,1854.71
376,75577,12.972993,4.81,1859.52
377,75778,160.216785,4.80,1864.32
378,75979,12.539596,4.75,1869.07
379,76180,12.107757,4.80,1873.88
380,76381,11.843431,4.77,1878.65
381,76582,70.039377,4.84,1883.50
382,76783,11.376185,4.85,1888.34
383,76984,70.030635,4.79,1893.14
384,77185,10.932106,4.86,1898.00
385,77386,10.775330,4.85,1902.85
386,77587,10.632581,4.83,1908.26
387,77788,10.553919,4.77,1913.60
388,77989,10.446209,4.75,1918.93
389,78190,10.350276,4.76,1924.28
390,78391,10.264753,4.79,1929.65
391,78592,10.172037,4.73,1934.96
392,78793,0.060541,4.73,1940.26
