iteration,total_queries,loss,iter_time_s,total_time_s
1,202,20.745545,4.77,5.22
2,403,20.737964,4.83,10.63
3,604,20.729027,4.75,15.94
4,805,20.723112,4.73,21.26
5,1006,20.714253,4.75,26.58
6,1207,24.256079,4.77,31.94
7,1408,24.181407,4.75,36.69
8,1609,24.617200,4.74,41.43
9,1810,24.113444,4.83,46.26
10,2011,24.081502,4.79,51.05
11,2212,24.034269,4.72,55.77
12,2413,23.995524,4.88,60.65
13,2614,23.959239,4.74,65.39
14,2815,23.915949,4.80,70.19
15,3016,23.879357,4.71,74.90
16,3217,23.832205,4.76,79.66
17,3418,23.774396,4.80,84.46
18,3619,23.727070,4.65,89.11
19,3820,23.677584,4.83,93.95
20,4021,23.639008,4.72,98.67
21,4222,23.597743,4.75,103.42
22,4423,23.560257,4.78,108.20
23,4624,23.518109,4.75,112.96
24,4825,23.470359,4.75,117.71
25,5026,23.431889,4.76,122.48
26,5227,23.390654,4.73,127.21
27,5428,23.372316,4.78,132.00
28,5629,23.343168,4.82,136.81
29,5830,23.322581,4.85,141.67
30,6031,23.288695,4.81,146.48
31,6232,23.257634,4.79,151.27
32,6433,23.221159,4.77,156.05
33,6634,23.185611,4.78,160.83
34,6835,23.153179,4.79,165.62
35,7036,23.111402,4.77,170.40
36,7237,23.074505,4.82,175.22
37,7438,23.036770,4.83,180.05
38,7639,23.011036,4.90,184.95
39,7840,22.972545,4.78,189.74
40,8041,22.937797,4.75,194.49
41,8242,22.902354,4.83,199.33
42,8443,22.870241,4.80,204.13
43,8644,22.832608,4.82,208.95
44,8845,22.796246,4.73,213.68
45,9046,22.757388,4.89,218.57
46,9247,22.716292,4.77,223.34
47,9448,22.679248,4.74,228.08
48,9649,22.646846,4.76,232.85
49,9850,22.605844,4.72,237.57
50,10051,22.562557,4.77,242.34
51,10252,22.534920,4.76,247.10
52,10453,22.500240,4.76,251.87
53,10654,22.470662,4.78,256.65
54,10855,22.431126,4.78,261.43
55,11056,22.398803,4.80,266.24
56,11257,22.364785,4.75,270.99
57,11458,22.337778,4.80,275.78
58,11659,22.304088,4.79,280.57
59,11860,22.262693,4.77,285.35
60,12061,22.231300,4.83,290.18
61,12262,22.206668,4.73,294.91
62,12463,22.162812,4.76,299.67
63,12664,22.145674,4.79,304.47
64,12865,22.105612,4.73,309.21
65,13066,22.095608,4.80,314.01
66,13267,22.057271,4.77,318.79
67,13468,22.032336,4.82,323.61
68,13669,22.006649,4.77,328.39
69,13870,21.982182,4.78,333.17
70,14071,21.950038,4.78,337.96
71,14272,21.920524,4.73,342.69
72,14473,21.897633,4.82,347.52
73,14674,21.858370,4.71,352.23
74,14875,21.829394,4.76,356.99
75,15076,21.809818,4.86,361.85
76,15277,21.779425,4.78,366.64
77,15478,21.761834,4.81,371.45
78,15679,21.728976,4.80,376.25
79,15880,21.709946,4.79,381.05
80,16081,21.681623,4.70,385.74
81,16282,21.652318,4.82,390.56
82,16483,21.629972,4.80,395.37
83,16684,21.597130,4.72,400.09
84,16885,21.569876,4.77,404.86
85,17086,21.535023,4.74,409.61
86,17287,21.518982,4.77,414.38
87,17488,21.482984,4.81,419.20
88,17689,21.455704,4.77,423.97
89,17890,21.435460,4.79,428.76
90,18091,21.411695,4.87,433.64
91,18292,21.388487,4.73,438.36
92,18493,21.363988,4.82,443.18
93,18694,21.338276,4.72,447.91
94,18895,21.333390,4.72,452.63
95,19096,21.301057,4.79,457.42
96,19297,21.290249,4.79,462.21
97,19498,21.268651,4.76,466.98
98,19699,21.244056,4.80,471.78
99,19900,21.225310,4.79,476.57
100,20101,21.203255,4.74,481.31
101,20302,21.173943,4.86,486.17
102,20503,21.157148,4.80,490.98
103,20704,21.145303,4.85,495.84
104,20905,21.119104,4.83,500.66
105,21106,21.095124,4.85,505.51
106,21307,21.096740,4.80,510.31
107,21508,21.064053,4.81,515.13
108,21709,21.043143,4.83,519.96
109,21910,21.026402,4.82,524.78
110,22111,21.010931,4.80,529.58
111,22312,21.002307,4.72,534.30
112,22513,20.978481,4.73,539.04
113,22714,20.952921,4.79,543.83
114,22915,20.942786,4.76,548.59
115,23116,20.924497,4.72,553.31
116,23317,20.895769,4.73,558.05
117,23518,20.874756,4.78,562.83
118,23719,20.858041,4.83,567.67
119,23920,20.836481,4.78,572.45
120,24121,20.815858,4.73,577.19
121,24322,20.802956,4.90,582.09
122,24523,20.787463,4.74,586.83
123,24724,20.763874,4.79,591.63
124,24925,20.753401,4.78,596.41
125,25126,20.733411,4.76,601.18
126,25327,20.709485,4.81,605.99
127,25528,20.676221,4.83,611.39
128,25729,20.665542,4.78,616.75
129,25930,20.643458,4.82,622.14
130,26131,20.606120,4.75,627.47
131,26332,20.590160,4.79,632.82
132,26533,20.561209,4.75,638.15
133,26734,20.542244,4.80,643.52
134,26935,20.528302,4.85,648.95
135,27136,20.514881,4.84,654.37
136,27337,20.508026,4.73,659.68
137,27538,20.497182,4.78,665.04
138,27739,20.486409,4.88,670.50
139,27940,20.467663,4.72,675.79
140,28141,20.454411,4.78,681.16
141,28342,20.438308,4.78,686.52
142,28543,20.424617,4.78,691.88
143,28744,20.408817,4.76,697.22
144,28945,20.394013,4.85,702.65
145,29146,20.378835,4.78,708.00
146,29347,20.364503,4.80,713.37
147,29548,20.346400,4.74,718.70
148,29749,20.321279,4.83,724.10
149,29950,20.313758,4.85,729.53
150,30151,20.294347,4.77,734.87
151,30352,20.286441,4.81,740.25
152,30553,20.266728,4.76,745.59
153,30754,20.248480,4.76,750.93
154,30955,20.237778,4.76,756.27
155,31156,20.218328,4.81,761.66
156,31357,20.204285,4.74,766.98
157,31558,20.182853,4.77,772.33
158,31759,20.175106,4.70,777.61
159,31960,20.160746,4.81,782.99
160,32161,20.139811,4.78,788.35
161,32362,20.136712,4.76,793.68
162,32563,20.122268,4.71,798.97
163,32764,20.121505,4.76,804.32
164,32965,20.108621,4.80,809.70
165,33166,20.099139,4.77,815.05
166,33367,20.093343,4.74,820.36
167,33568,20.081350,4.76,825.70
168,33769,20.075906,4.71,830.97
169,33970,20.070120,4.80,836.35
170,34171,20.062352,4.70,841.63
171,34372,0.093063,4.74,846.95
